*** Read File ***
*** Insert Masks ***
*** Point Selection ***
*** VRP Solver (Node number estimation - 60 [s]) ***
Maximum path length [km]:
[43.2]
PyVRP v0.10.1

Solving an instance with:
    2 depots
    19 clients
    1 vehicle (1 vehicle type)

                  |       Feasible        |      Infeasible
    Iters    Time |   #      Avg     Best |   #      Avg     Best
H     500      1s |  55     2144     2144 |  33     1980      364
     1000      3s |  35     2144     2144 |  41     1664      364
     1500      5s |  46     2144     2144 |  49     1452      364
     2000      6s |  41     2144     2144 |  57     1299      364
     2500      7s |  52     2144     2144 |  65     2220      864
     3000      9s |  36     2337     2144 |  32     4378     1104
     3500     11s |  40     2417     2144 |  40     3721     1104
     4000     12s |  45     2409     2144 |  48     5148     1864
     4500     14s |  41     2507     2144 |  56     4685     1864
     5000     15s |  31     2528     2144 |  64     4330     1864
     5500     16s |  42     2451     2144 |  31     6951     1864
     6000     18s |  36     2447     2144 |  39     5906     1864
     6500     19s |  64     2346     2144 |  47     5220     1864
     7000     20s |  48     2413     2144 |  55     4739     1864
     7500     22s |  46     2381     2144 |  63     4367     1864
     8000     24s |  45     2342     2144 |  38     4825     1424
     8500     26s |  60     2409     2144 |  46     4239     1424
     9000     28s |  45     2497     2144 |  54     3085     1104
     9500     30s |  41     2459     2144 |  62     2830     1104
    10000     32s |  27     2548     2144 |  29     4032     1104
    10500     34s |  51     2436     2144 |  37     4149     1424
    11000     36s |  55     2360     2144 |  45     3668     1424
    11500     37s |  59     2396     2144 |  53     3331     1424
    12000     39s |  34     2436     2144 |  61     3902     1864
    12500     41s |  25     2541     2144 |  28     6311     1864
    13000     42s |  32     2516     2144 |  36     3439     1104
    13500     44s |  55     2379     2144 |  44     3720     1424
    14000     46s |  27     2512     2144 |  52     3369     1424
    14500     47s |  43     2467     2144 |  60     3945     1864
    15000     49s |  57     2423     2144 |  27     4212     1104
    15500     50s |  25     2541     2144 |  35     4305     1424
    16000     51s |  34     2407     2144 |  43     3772     1424
    16500     53s |  58     2401     2144 |  51     4305     1864
    17000     54s |  33     2505     2144 |  55     2650     1104
    17500     55s |  38     2431     2144 |  63     3038     1424
    18000     56s |  41     2386     2144 |  30     4814     1424
    18500     58s |  56     2374     2144 |  38     3341     1104
    19000     59s |  63     2349     2144 |  46     2950     1104

Search terminated in 60.00s after 19148 iterations.
Best-found solution has cost 2144.

Solution results
================
    # routes: 1
   # clients: 17
   objective: 2144
    distance: 144
    duration: 144
# iterations: 19148
    run-time: 60.00 seconds

*** VRP Solver (Final routes) ***
Maximum path length [km]:
[42.18]
PyVRP v0.10.1

Solving an instance with:
    2 depots
    19 clients
    1 vehicle (1 vehicle type)

                  |       Feasible        |      Infeasible
    Iters    Time |   #      Avg     Best |   #      Avg     Best
H     500      1s |  57     3136     3136 |  33     3078      788
     1000      4s |  27     3136     3136 |  41     3155     1004
     1500      5s |  41     3136     3136 |  49     2329      788
     2000      7s |  59     3136     3136 |  57     2115      788
     2500      9s |  45     3136     3136 |  65     1952      788
     3000     11s |  42     3136     3136 |  32     3148      788
     3500     13s |  42     3136     3136 |  40     1561      332
     4000     15s |  35     3136     3136 |  48     2362      788
     4500     17s |  62     3136     3136 |  56     1796      620
     5000     18s |  44     3136     3136 |  64     1970      788
     5500     20s |  35     3136     3136 |  31     3226      788
     6000     22s |  64     3136     3136 |  39     2725      788
     6500     23s |  44     3136     3136 |  47     2396      788
     7000     25s |  46     3136     3136 |  55     2164      788
     7500     26s |  25     3136     3136 |  63     1988      788
     8000     28s |  65     3136     3136 |  30     1969      332
     8500     29s |  47     3136     3136 |  38     2776      788
     9000     30s |  27     3136     3136 |  46     2433      788
     9500     32s |  46     3136     3136 |  54     2189      788
    10000     33s |  29     3136     3136 |  62     2008      788
    10500     34s |  30     3136     3136 |  29     3394      788
    11000     35s |  44     3136     3136 |  37     2829      788
    11500     38s |  28     3136     3136 |  45     2466      788
    12000     40s |  54     3136     3136 |  53     2214      788
    12500     42s |  56     3136     3136 |  61     2028      788
    13000     44s |  57     3136     3136 |  28     3485      788
    13500     46s |  42     3136     3136 |  36     2886      788
    14000     48s |  40     3136     3136 |  44     2504      788
    14500     50s |  33     3136     3136 |  52     1429      404
    15000     52s |  64     3136     3136 |  60     2050      788

Search terminated in 52.76s after 15302 iterations.
Best-found solution has cost 3136.

Solution results
================
    # routes: 1
   # clients: 16
   objective: 3136
    distance: 136
    duration: 136
# iterations: 15302
    run-time: 52.76 seconds

Total WP Routes Temperr [°C]:
17.213062
Total All Routes Temperr [°C]:
255.67189
