*** Read File ***
*** Insert Masks ***
*** Point Selection ***
*** VRP Solver (Node number estimation - 60 [s]) ***
Maximum path length [km]:
[43.2]
PyVRP v0.10.1

Solving an instance with:
    2 depots
    306 clients
    1 vehicle (1 vehicle type)

                  |       Feasible        |      Infeasible
    Iters    Time |   #      Avg     Best |   #      Avg     Best
H     500     19s |   1   142529   142529 |  33 203636460705    69839
H    1000     25s |  56   136812   133592 |  33   138972   133767
     1500     28s |  64   139099   133592 |  34    99582    94283
H    2000     34s |  47   137476   133298 |  32   139940   133713
     2500     37s |  29   136263   133298 |  61   123556   114521
     3000     41s |  50   138286   133298 |  36   122039   117048
     3500     47s |  46   136907   133298 |  36   157632   134239
H    4000     50s |  48   136790   133189 |  65   140146   133540
     4500     53s |  55   138254   133189 |  53    92080    85728
     5000     57s |  26   135442   133189 |  42   138784   133326
     5500     59s |  54   136539   133189 |  65   145265   133484

Search terminated in 60.00s after 5612 iterations.
Best-found solution has cost 133189.

Solution results
================
    # routes: 1
   # clients: 31
   objective: 133189
    distance: 144
    duration: 144
# iterations: 5612
    run-time: 60.00 seconds

*** VRP Solver (Final routes) ***
Maximum path length [km]:
[41.34]
PyVRP v0.10.1

Solving an instance with:
    2 depots
    306 clients
    1 vehicle (1 vehicle type)

                  |       Feasible        |      Infeasible
    Iters    Time |   #      Avg     Best |   #      Avg     Best
H     500     19s |   1   143343   143343 |  33 203636462912    70461
H    1000     25s |  27   137581   135031 |  31   108157    80211
H    1500     30s |  40   139158   134738 |  63   122840   116189
     2000     36s |  29   138078   134738 |  51   141765   134857
     2500     38s |  45   137664   134738 |  44   140608   134819
     3000     42s |  47   137735   134738 |  34   142410   134703
H    3500     47s |  61   138406   134721 |  29   136789   134053
H    4000     50s |  54   137919   134521 |  33   136166   134053
     4500     53s |  52   138018   134521 |  38   137523   134053
H    5000     57s |  36   138448   134481 |  59   108764   102332
     5500     61s |  48   138233   134481 |  64   138346   134073
     6000     64s |  57   138815   134481 |  64   141850   134073
     6500     69s |  64   139399   134481 |  60   151847   135530
     7000     72s |  59   137803   134481 |  65   139566   134412
     7500     75s |  65   138172   134481 |  41   145330   135468
     8000     80s |  40   137420   134481 |  36   140071   134901
H    8500     84s |  45   138297   134281 |  31   145529   135184
     9000     86s |  43   137001   134281 |  62   143516   134724
     9500     90s |  56   137456   134281 |  46   142135   134506
    10000     94s |  38   137345   134281 |  34   140736   134840
    10500     97s |  55   137585   134281 |  33   138646   134626
    11000     99s |  62   138053   134281 |  25   137575   134210
    11500    102s |  39   137099   134281 |  63   139064   134210
    12000    105s |  60   138719   134281 |  59   117974   112838
H   12500    109s |  41   136795   134182 |  58   140956   134562
    13000    112s |  58   139343   134182 |  43   143071   135536
    13500    117s |  48   137581   134182 |  43   141225   135325
    14000    122s |  44   137015   134182 |  43   139990   134726
H   14500    124s |  59   137542   134149 |  28   140701   134626
    15000    129s |  40   137824   134149 |  63   127412   120680
    15500    133s |  36   136996   134149 |  26   136853   133803
    16000    136s |  62   137966   134149 |  30   139479   134341
    16500    140s |  62   137684   134149 |  64   142021   134355
    17000    142s |  39   136695   134149 |  41   138891   134355
    17500    146s |  34   136641   134149 |  39   137482   134151
    18000    151s |  49   138220   134149 |  37   142893   135426
    18500    155s |  39   137328   134149 |  63   140954   134128
    19000    158s |  59   138197   134149 |  64   138704   133994
    19500    160s |  60   137961   134149 |  63   138789   133994
    20000    163s |  59   137634   134149 |  58   137758   133994
    20500    167s |  44   138877   134149 |  60    96607    90743
    21000    172s |  35   137322   134149 |  56    98542    93182
    21500    177s |  30   137185   134149 |  58    99129    93508
    22000    181s |  25   135954   134149 |  51   138872   134048
    22500    184s |  44   137139   134149 |  33   137641   134048
    23000    187s |  35   136426   134149 |  26   139675   134590
    23500    193s |  46   137876   134149 |  29   143693   135623
    24000    196s |  43   136282   134149 |  59   140023   134355
    24500    199s |  65   137312   134149 |  38   139471   134355
    25000    203s |  38   137134   134149 |  33   139632   134157
H   25500    206s |  56   137825   134140 |  37   137477   133963
    26000    209s |  33   135883   134140 |  39   141391   134184
    26500    213s |  46   137714   134140 |  64   155004   135136
    27000    217s |  40   136985   134140 |  45   138481   134581
    27500    219s |  47   137599   134140 |  44   137730   133864
    28000    222s |  29   136141   134140 |  42   136871   133864
    28500    225s |  42   136937   134140 |  61   139691   134132
    29000    228s |  34   136986   134140 |  50   139192   134461
    29500    231s |  52   137746   134140 |  47   138002   133894
    30000    235s |  26   135607   134140 |  27   132729   127501
    30500    239s |  28   135676   134140 |  56   139655   134207
    31000    241s |  44   137307   134140 |  53   138551   134138
    31500    246s |  36   136830   134140 |  56   137503   130175
H   32000    249s |  48   136434   134123 |  46   143338   134527
    32500    253s |  26   135248   134123 |  61   140404   134396
H   33000    256s |  38   135775   134005 |  56   139033   134344
    33500    260s |  47   137396   134005 |  55   153318   134515
    34000    263s |  30   135619   134005 |  46   126898    84115
    34500    268s |  55   137397   134005 |  33   147308   134794
    35000    272s |  50   137575   134005 |  28   139820   134129
    35500    277s |  25   135758   134005 |  64   160297   135969
    36000    282s |  35   137198   134005 |  48   146897   134908
    36500    286s |  38   137069   134005 |  30   125370    92577
    37000    291s |  25   135584   134005 |  33   139658   134545
    37500    293s |  27   136107   134005 |  31   137188   134119
    38000    298s |  56   137390   134005 |  28   145844   134762
    38500    304s |  65   138565   134005 |  57   150153   134949
    39000    308s |  62   138723   134005 |  56   158399   135100
    39500    312s |  63   138031   134005 |  38   137542   134123
    40000    315s |  62   137518   134005 |  27    97019    85071
    40500    320s |  45   137251   134005 |  29    93794    85909
    41000    325s |  64   137618   134005 |  34   137160   134007
    41500    327s |  61   137516   134005 |  61   142342   134184
    42000    331s |  61   137079   134005 |  43   140340   134307
    42500    337s |  64   139552   134005 |  32    95476    89941
    43000    340s |  49   137362   134005 |  30   136495   134050
    43500    343s |  44   137110   134005 |  28   145514   134258
    44000    347s |  31   136434   134005 |  50   141298   134187
    44500    349s |  33   135982   134005 |  45   138435   134187
    45000    353s |  32   136086   134005 |  39   150110   135691
    45500    358s |  29   136309   134005 |  53   118808   113014
    46000    363s |  54   137487   134005 |  45   144206   134350
    46500    366s |  53   137748   134005 |  30   144470   134623
    47000    368s |  51   137210   134005 |  52   141135   134302
    47500    373s |  60   137966   134005 |  43   153259   135281

Search terminated in 373.47s after 47699 iterations.
Best-found solution has cost 134005.

Solution results
================
    # routes: 1
   # clients: 30
   objective: 134005
    distance: 137
    duration: 137
# iterations: 47699
    run-time: 373.47 seconds

Total WP Routes Temperr [°C]:
24.916513
Total All Routes Temperr [°C]:
195.01486
