*** Read File ***
*** Insert Masks ***
*** Point Selection ***
*** VRP Solver (Node number estimation - 60 [s]) ***
Maximum path length [km]:
[43.2]
PyVRP v0.10.1

Solving an instance with:
    2 depots
    322 clients
    1 vehicle (1 vehicle type)

                  |       Feasible        |      Infeasible
    Iters    Time |   #      Avg     Best |   #      Avg     Best
H     500     26s |   1   105681   105681 |  33   107251    77185
H    1000     34s |  38   105854   103270 |  52    98831    82520
H    1500     43s |  42   106409   102814 |  34    93010    87621
     2000     51s |  62   106586   102814 |  28   113118   105317
H    2500     56s |  38   106022   102555 |  56    96421    83977

Search terminated in 60.01s after 2798 iterations.
Best-found solution has cost 102555.

Solution results
================
    # routes: 1
   # clients: 28
   objective: 102555
    distance: 144
    duration: 144
# iterations: 2798
    run-time: 60.01 seconds

*** VRP Solver (Final routes) ***
Maximum path length [km]:
[41.52]
PyVRP v0.10.1

Solving an instance with:
    2 depots
    322 clients
    1 vehicle (1 vehicle type)

                  |       Feasible        |      Infeasible
    Iters    Time |   #      Avg     Best |   #      Avg     Best
H     500     29s |   2   107938   105992 |  33   111474    83514
H    1000     37s |  59   107260   104153 |  49    96467    89544
H    1500     43s |  62   107580   104115 |  51    87901    83975
H    2000     49s |  62   107212   103910 |  54   107747   103318
H    2500     54s |  46   106899   103361 |  35   112149   104448
     3000     62s |  39   106998   103361 |  49   110819   102815
     3500     70s |  61   107125   103361 |  36   109814   103638
     4000     75s |  26   105237   103361 |  58    98487    79829
     4500     83s |  43   106833   103361 |  56    99427    93487
     5000     88s |  30   105808   103361 |  60   101011    93856
     5500     94s |  62   106940   103361 |  57   112143   104139
     6000    100s |  51   106984   103361 |  61   117780   104024
     6500    107s |  64   107502   103361 |  25    99894    96322
H    7000    116s |  45   106338   103354 |  49   118350   103484
     7500    123s |  39   106023   103354 |  40   107368   103263
     8000    129s |  25   105201   103354 |  49   111210   103714
     8500    135s |  40   106637   103354 |  41   113442   103924
     9000    141s |  28   106012   103354 |  28   110332   104130
H    9500    145s |  65   106470   102924 |  49   108774   103282
    10000    154s |  61   106134   102924 |  40   110044   103656
    10500    161s |  36   105841   102924 |  63   112941   104020
    11000    168s |  61   106568   102924 |  36   114724   104129
    11500    174s |  64   106518   102924 |  55   111955   103855
    12000    180s |  49   106688   102924 |  44   108992   102949
    12500    188s |  44   106519   102924 |  41   110887   104535
    13000    196s |  50   106785   102924 |  28   108913   103561
    13500    205s |  43   106441   102924 |  28   107938   103132
    14000    210s |  58   106078   102924 |  53   109533   103315
    14500    216s |  35   105448   102924 |  43   107015   103282
    15000    222s |  29   104887   102924 |  25   106633   103578
    15500    229s |  43   106620   102924 |  65   121641   104163
    16000    234s |  56   107027   102924 |  64   111801   103395
    16500    243s |  40   105846   102924 |  48   105290    96879
    17000    249s |  52   107134   102924 |  46    96328    89423
    17500    256s |  61   107102   102924 |  48   106855   103114
    18000    263s |  31   105350   102924 |  34   111338   104617
    18500    268s |  60   105919   102924 |  32   106838   103631
    19000    272s |  63   105976   102924 |  65   108009   103185
    19500    278s |  58   106536   102924 |  56   108556   104169
    20000    286s |  49   106091   102924 |  44   109135   103084
    20500    295s |  35   105372   102924 |  38    85624    80035
    21000    301s |  48   105687   102924 |  28   106784   103133
    21500    306s |  27   104739   102924 |  52   120136   103632
    22000    311s |  30   105506   102924 |  25   108100   102324
    22500    317s |  35   105499   102924 |  56   111988   103998
    23000    322s |  36   106186   102924 |  60    93909    88933
H   23500    330s |  34   105171   102784 |  25   107055   103818
    24000    338s |  46   106388   102784 |  48   114528   103245
    24500    345s |  36   106713   102784 |  46    91871    84760
    25000    351s |  55   107506   102784 |  28    90008    86181
    25500    357s |  62   107318   102784 |  48   101586    94389
    26000    363s |  57   106352   102784 |  62   110321   102457
    26500    368s |  38   105621   102784 |  25   112408   103872
    27000    377s |  39   105430   102784 |  44   109305   103635
    27500    385s |  63   107925   102784 |  25    87616    84214
    28000    391s |  50   106121   102784 |  26   105497   103275
    28500    396s |  34   105126   102784 |  26   106234   103229
    29000    400s |  61   106147   102784 |  48   111313   103061
    29500    407s |  30   105485   102784 |  46   115455   103825
    30000    413s |  43   105767   102784 |  53   107695   103894
    30500    422s |  40   105911   102784 |  44   107135   100322
    31000    430s |  53   106883   102784 |  64    99419    92529
    31500    439s |  43   105984   102784 |  57   112698   103004
    32000    443s |  56   106107   102784 |  27   107816   103004
    32500    449s |  43   106358   102784 |  57   112240   103473
    33000    455s |  36   105934   102784 |  46   112888   103750
    33500    464s |  42   105651   102784 |  38   110213   102845
    34000    472s |  27   104432   102784 |  64   103612    96543
    34500    480s |  58   106622   102784 |  52   112975   103543
    35000    485s |  32   104725   102784 |  31   111170   103615
    35500    490s |  44   105548   102784 |  55   107688   103395
    36000    496s |  49   106368   102784 |  38   110902   103271
    36500    500s |  52   105545   102784 |  65   107751   103198
    37000    511s |  45   105968   102784 |  27   110895   103163
    37500    516s |  53   106044   102784 |  49   107586   103110
    38000    523s |  29   104979   102784 |  53   111135   101744

Search terminated in 528.25s after 38374 iterations.
Best-found solution has cost 102784.

Solution results
================
    # routes: 1
   # clients: 29
   objective: 102784
    distance: 138
    duration: 138
# iterations: 38374
    run-time: 528.25 seconds

Total WP Routes Temperr [°C]:
17.99724
Total All Routes Temperr [°C]:
161.0084
