*** Read File ***
*** Insert Masks ***
*** Point Selection ***
*** VRP Solver (Node number estimation - 60 [s]) ***
Maximum path length [km]:
[43.2]
PyVRP v0.10.1

Solving an instance with:
    2 depots
    290 clients
    1 vehicle (1 vehicle type)

                  |       Feasible        |      Infeasible
    Iters    Time |   #      Avg     Best |   #      Avg     Best
      500     36s |   0        -        - |  33 989091041739    90504
H    1000     50s |  40   160197   156940 |  39   162442   157220
     1500     55s |  64   160328   156940 |  35   161485   157220

Search terminated in 60.01s after 1943 iterations.
Best-found solution has cost 156798.

Solution results
================
    # routes: 1
   # clients: 32
   objective: 156798
    distance: 143
    duration: 143
# iterations: 1943
    run-time: 60.01 seconds

*** VRP Solver (Final routes) ***
Maximum path length [km]:
[41.28]
PyVRP v0.10.1

Solving an instance with:
    2 depots
    290 clients
    1 vehicle (1 vehicle type)

                  |       Feasible        |      Infeasible
    Iters    Time |   #      Avg     Best |   #      Avg     Best
      500     35s |   0        -        - |  33 989091042068    90833
H    1000     52s |  30   162320   158693 |  41   161118   152538
H    1500     60s |  44   162803   157804 |  35   142269   137398
     2000     70s |  35   160778   157804 |  40   163134   158303
     2500     75s |  52   161278   157804 |  63   140507   105737
     3000     93s |  31   161084   157804 |  30   142143   138258
     3500    104s |  55   162125   157804 |  33   127646   107308
     4000    120s |  34   160919   157804 |  41   145854   138982
     4500    132s |  33   160667   157804 |  48   160765   154879
     5000    143s |  51   162257   157804 |  54   160458   154833
     5500    153s |  40   161154   157804 |  60   160312   154189
H    6000    162s |  61   161714   157691 |  25   155901   154189
     6500    171s |  57   162027   157691 |  31   113629    94771
     7000    186s |  26   159546   157691 |  39   145585   140401
     7500    198s |  57   161209   157691 |  46   166250   158071
     8000    204s |  43   160886   157691 |  34   163534   157851
     8500    214s |  52   161918   157691 |  33   145783   141032
H    9000    222s |  46   160977   157640 |  37   162446   156172
     9500    237s |  44   161141   157640 |  43   151050   144602
    10000    251s |  65   161649   157640 |  51   173301   158270
    10500    260s |  52   162173   157640 |  46   135982   131111
    11000    272s |  27   159746   157640 |  54   151480   146553
    11500    284s |  55   163140   157640 |  56   119122   114851
    12000    297s |  46   162219   157640 |  64   157776   147953
    12500    306s |  53   161736   157640 |  30   162044   158372
    13000    318s |  32   160334   157640 |  37   156981   150120
    13500    326s |  60   162554   157640 |  38   139546   133884
    14000    337s |  35   160056   157640 |  41   124339   119104
    14500    355s |  63   162846   157640 |  49   121609   117274
    15000    367s |  41   161339   157640 |  57   158770   152044
    15500    375s |  28   159404   157640 |  65   158013   151736
H   16000    385s |  51   161971   157593 |  31   153970   151736
    16500    392s |  65   161814   157593 |  39   155614   151736
    17000    400s |  40   160798   157593 |  46   155037   151393
    17500    406s |  46   160958   157593 |  54   156254   151393
    18000    414s |  63   161471   157593 |  62   155378   151393
    18500    423s |  56   161440   157593 |  28   152624   151357
    19000    440s |  43   161614   157593 |  36   143955   136847
H   19500    449s |  60   161973   157537 |  43   156369   152877
    20000    458s |  47   162374   157537 |  40   166581   157481
    20500    471s |  29   160075   157537 |  40   146789   142459
    21000    479s |  53   161437   157537 |  48   160089   154788
    21500    486s |  51   161607   157537 |  56   159922   154661
    22000    496s |  28   159458   157537 |  56   177529   159020
    22500    507s |  62   162997   157537 |  53   130060   124540
    23000    517s |  45   161658   157537 |  61   163440   157061
    23500    523s |  28   159349   157537 |  63   163692   157749
    24000    539s |  25   159227   157537 |  28   130265   125739
    24500    561s |  46   161789   157537 |  36   130116   125032
    25000    579s |  48   162129   157537 |  44   149290   144187
    25500    594s |  58   162138   157537 |  52   149700   144049
    26000    602s |  44   160982   157537 |  57   161804   157565
    26500    609s |  25   158808   157537 |  63   162056   156719
H   27000    617s |  55   161425   157450 |  26   159851   156719
    27500    623s |  28   159111   157450 |  32   159678   156490
    28000    633s |  50   161382   157450 |  39   116533   110187
    28500    648s |  44   160954   157450 |  47   154520   146755
    29000    658s |  56   161782   157450 |  51   134683   127139
    29500    665s |  40   159956   157450 |  58   161972   157651
    30000    676s |  30   159474   157450 |  63   119141   113686
    30500    690s |  39   161005   157450 |  30   135464   130692
    31000    696s |  57   160845   157450 |  33   160241   157801
    31500    706s |  42   161074   157450 |  34   120199   115344
    32000    720s |  33   159714   157450 |  42   156735   150563
    32500    728s |  47   161356   157450 |  50   156305   150563
    33000    737s |  46   161034   157450 |  58   155189   150377
    33500    749s |  45   160944   157450 |  25   162983   157865
    34000    758s |  53   161824   157450 |  27   161546   151770
    34500    767s |  41   160928   157450 |  25   160774   153374
    35000    777s |  47   161604   157450 |  33   156626   152147
    35500    786s |  30   159632   157450 |  41   157443   152014
    36000    794s |  39   161163   157450 |  49   157718   151782
    36500    801s |  45   160781   157450 |  47   164075   157889
    37000    815s |  28   159578   157450 |  51   145363   137837
    37500    826s |  51   161717   157450 |  59   160516   154164
    38000    834s |  29   159551   157450 |  63   159216   153179
    38500    843s |  30   159702   157450 |  53    79668    71372
    39000    861s |  41   161557   157450 |  61   128755   120940
    39500    873s |  27   159297   157450 |  28   141263   138179
    40000    882s |  54   161703   157450 |  35   161970   156850
    40500    890s |  57   161575   157450 |  41   159692   154307
    41000    899s |  65   161913   157450 |  48   158874   154307
    41500    911s |  63   163274   157450 |  55   146742   140058

Search terminated in 917.44s after 41783 iterations.
Best-found solution has cost 157450.

Solution results
================
    # routes: 1
   # clients: 31
   objective: 157450
    distance: 137
    duration: 137
# iterations: 41783
    run-time: 917.44 seconds

Total WP Routes Temperr [°C]:
27.266033
Total All Routes Temperr [°C]:
233.49591
