#FRESNEL OPTIMAL PLANNING - GENERATION DATA 
#TIMESTAMP: 2026-05-20 09:44:22.206016 [UTC]
#AUV_NUMBER: 2
#SPEED: 1  [m/s]
#WP_WAITING_TIME: 1  [m]
#ROUTES SPECS:  waypoints(lat, lon, depth) - length_2d(same depth length) - travel_duration(no wp waiting time) - mission_duration(travel_duration + wp waiting time) -  minimum_depth(min depth along the route)
#length_2D: 36.293 [km] travel_duration: 10 [h] 4 [m] mission_duration: 10 [h] 31 [m] minimum_depth: 83.2085 [m]
 39.57266, -9.292792, 110.0299; 39.5753, -9.279426, 106.43576; 39.58585, -9.26606, 108.06415; 39.58849, -9.252693, 103.839005; 39.5964, -9.236654, 100.474106; 39.606956, -9.231307, 103.978714; 39.604317, -9.217941, 96.35049; 39.617508, -9.212595, 124.273125; 39.62806, -9.212595, 158.7179; 39.62806, -9.196555, 151.7635; 39.63334, -9.183188, 159.17757; 39.64389, -9.191209, 186.16002; 39.65444, -9.185862, 192.87233; 39.649166, -9.175169, 167.75098; 39.638615, -9.172496, 161.98956; 39.62806, -9.172496, 143.45493; 39.620148, -9.183188, 128.77869; 39.612232, -9.172496, 114.024315; 39.606956, -9.183188, 101.061806; 39.609592, -9.196555, 100.74454; 39.60168, -9.204575, 93.01503; 39.591125, -9.204575, 83.2085; 39.593765, -9.220614, 90.34036; 39.580574, -9.23398, 89.39218; 39.577934, -9.247347, 94.87583; 39.567383, -9.252693, 92.655945; 39.562107, -9.263387, 94.92799; 39.564743, -9.279426, 102.51209; 39.571564, -9.290943, 110.0299; 
#length_2D: 37.929 [km] travel_duration: 10 [h] 32 [m] mission_duration: 10 [h] 54 [m] minimum_depth: 109.889046 [m]
 39.5753, -9.292792, 110.99918; 39.612232, -9.26606, 148.16458; 39.622784, -9.252693, 188.3373; 39.638615, -9.244674, 253.7664; 39.651806, -9.25002, 320.4024; 39.667633, -9.236654, 352.6452; 39.67819, -9.236654, 289.37634; 39.68874, -9.228634, 224.66275; 39.707207, -9.231307, 164.49522; 39.709846, -9.215268, 151.93254; 39.69929, -9.217941, 178.0323; 39.694016, -9.207248, 166.82523; 39.683464, -9.217941, 241.19572; 39.67291, -9.225961, 310.84656; 39.646526, -9.236654, 272.85654; 39.638615, -9.228634, 217.1299; 39.62806, -9.231307, 179.3466; 39.617508, -9.228634, 133.13611; 39.617508, -9.242001, 147.25333; 39.609592, -9.25002, 117.39076; 39.59904, -9.25002, 109.889046; 39.59904, -9.263387, 121.00683; 39.577934, -9.292792, 111.96847; 39.577095, -9.292792, 110.99918; 
