*** Read File ***
*** Insert Masks ***
*** Point Selection ***
*** VRP Solver (Node number estimation - 60 [s]) ***
Maximum path length [km]:
[43.2, 43.2]
PyVRP v0.10.1

Solving an instance with:
    4 depots
    317 clients
    2 vehicles (2 vehicle types)

                  |       Feasible        |      Infeasible
    Iters    Time |   #      Avg     Best |   #      Avg     Best
      500     17s |   0        -        - |  33    97461    91598
H    1000     28s |  28   129227   126710 |  41   107779   102119
H    1500     35s |  29   128389   124886 |  30   115310   112002
H    2000     40s |  37   126308   123448 |  49    97477    93195
H    2500     48s |  27   125342   122803 |  43    96787    93542
     3000     57s |  27   125216   122803 |  51   107409   103015

Search terminated in 60.01s after 3267 iterations.
Best-found solution has cost 122803.

Solution results
================
    # routes: 2
   # clients: 58
   objective: 122803
    distance: 288
    duration: 288
# iterations: 3267
    run-time: 60.01 seconds

*** VRP Solver (Final routes) ***
Maximum path length [km]:
[41.46, 41.46]
PyVRP v0.10.1

Solving an instance with:
    4 depots
    317 clients
    2 vehicles (2 vehicle types)

                  |       Feasible        |      Infeasible
    Iters    Time |   #      Avg     Best |   #      Avg     Best
      500     15s |   0        -        - |  33    96871    90767
H    1000     23s |  58   132267   127806 |  41   133067   114096
H    1500     28s |  51   131003   126687 |  49   125027   114096
H    2000     33s |  55   130992   126137 |  57   125734   114096
     2500     38s |  51   130807   126137 |  65   123017   114096
     3000     42s |  59   130163   126137 |  32   119100   113893
H    3500     48s |  46   129337   125227 |  25    96992    94068
     4000     56s |  49   129597   125227 |  33   106523   103027
     4500     65s |  39   129908   125227 |  41   107255   101557
     5000     73s |  45   129696   125227 |  49   105879   101385
     5500     79s |  35   128006   125227 |  57   119055   113297
H    6000     84s |  39   128803   124877 |  42   108065   101860
     6500     88s |  62   126450   124877 |  32   126265   124490
H    7000     92s |  49   128633   124685 |  57    95920    92825
     7500    100s |  35   128866   124685 |  65   108772   103257
     8000    107s |  46   129619   124685 |  32   105698   102778
     8500    113s |  39   128795   124685 |  40   106014   102425
     9000    119s |  64   128451   124685 |  48   119486   114634
H    9500    124s |  61   129255   124652 |  56    86068    82661
    10000    134s |  43   130088   124652 |  64    95543    93181
    10500    145s |  45   130203   124652 |  31    76119    72915
    11000    155s |  26   127443   124652 |  39   130529   118013
    11500    159s |  34   127989   124652 |  47   123200   116455
H   12000    167s |  56   129219   124327 |  48   122751   117529
    12500    178s |  26   128064   124327 |  56    98820    96395
    13000    187s |  50   130313   124327 |  64    98133    94984
    13500    195s |  62   130441   124327 |  31   109150   105640
    14000    202s |  49   130157   124327 |  39   109444   105640
    14500    208s |  50   129523   124327 |  47   111053   105640
    15000    215s |  31   127879   124327 |  55   112145   105618
    15500    221s |  61   129614   124327 |  63   112695   105599
    16000    227s |  31   127937   124327 |  30   109717   105599
    16500    237s |  38   129362   124327 |  38    69350    61357
    17000    247s |  38   129740   124327 |  46    99593    96294
    17500    256s |  31   128472   124327 |  54    69661    60112
    18000    266s |  63   132063   124327 |  62   101263    95840
    18500    275s |  31   129228   124327 |  29    98574    95837
    19000    282s |  63   129185   124327 |  37   125874   121463
H   19500    291s |  37   128041   124261 |  39   101127    96860
    20000    300s |  35   128572   124261 |  47    99817    96651
    20500    308s |  52   130600   124261 |  55   100011    96420
    21000    317s |  35   128687   124261 |  63   100109    96420
    21500    324s |  55   128076   124261 |  30   123282   120511
    22000    330s |  51   127019   124261 |  53   135273   124752
    22500    336s |  59   126546   124261 |  36   124916   122879
    23000    342s |  26   125970   124261 |  52   105829    99600
    23500    348s |  26   126222   124261 |  31   116459   112597
    24000    353s |  26   126447   124261 |  62   105711   100773
    24500    360s |  28   126886   124261 |  63   117346   112354
    25000    367s |  39   128788   124261 |  47   118362   113766
    25500    376s |  51   127530   124261 |  38   127462   123147
    26000    383s |  48   129726   124261 |  27   104472   101301
    26500    391s |  57   129669   124261 |  29    94312    91429
    27000    398s |  41   129229   124261 |  61   106222   101873
    27500    405s |  65   130629   124261 |  28   104878   101572
    28000    411s |  32   127317   124261 |  36   116710   112387
    28500    417s |  41   127602   124261 |  44   117023   112269
    29000    427s |  28   126680   124261 |  43   106189   101218
    29500    435s |  51   129618   124261 |  51   105528   101218
    30000    443s |  39   128252   124261 |  59   107654   100743
    30500    451s |  48   129445   124261 |  26   103379   100743
    31000    458s |  25   126124   124261 |  34   104460   100743
    31500    468s |  43   128565   124261 |  42    74517    69752
    32000    478s |  57   130480   124261 |  50   107421   102087
    32500    486s |  53   129607   124261 |  58   120468   113433
    33000    492s |  62   129430   124261 |  25   115268   112982
    33500    498s |  29   126857   124261 |  33   116113   112464
    34000    503s |  36   127336   124261 |  41   116158   112452

Search terminated in 503.75s after 34039 iterations.
Best-found solution has cost 124261.

Solution results
================
    # routes: 2
   # clients: 55
   objective: 124261
    distance: 276
    duration: 276
# iterations: 34039
    run-time: 503.75 seconds

Total WP Routes Temperr [°C]:
36.79341
Total All Routes Temperr [°C]:
300.7494
