*** Read File ***
*** Insert Masks ***
*** Point Selection ***
*** VRP Solver (Node number estimation - 60 [s]) ***
Maximum path length [km]:
[43.2]
PyVRP v0.10.1

Solving an instance with:
    2 depots
    281 clients
    1 vehicle (1 vehicle type)

                  |       Feasible        |      Infeasible
    Iters    Time |   #      Avg     Best |   #      Avg     Best
      500     37s |   0        -        - |  33 858181936247    84870
H    1000     51s |  64   168967   163713 |  32   182623   166485
H    1500     57s |  32   165443   162850 |  46   170259   162621

Search terminated in 60.00s after 1756 iterations.
Best-found solution has cost 162850.

Solution results
================
    # routes: 1
   # clients: 31
   objective: 162850
    distance: 142
    duration: 142
# iterations: 1756
    run-time: 60.00 seconds

*** VRP Solver (Final routes) ***
Maximum path length [km]:
[41.34]
PyVRP v0.10.1

Solving an instance with:
    2 depots
    281 clients
    1 vehicle (1 vehicle type)

                  |       Feasible        |      Infeasible
    Iters    Time |   #      Avg     Best |   #      Avg     Best
      500     34s |   0        -        - |  33 858181936576    85199
H    1000     50s |  57   169820   165401 |  40   175015   164992
H    1500     56s |  55   168111   164515 |  61   173946   163704
H    2000     63s |  28   166316   164499 |  44   142921   136635
     2500     71s |  50   168236   164499 |  47   171039   163534
H    3000     76s |  33   166481   164360 |  33   172421   164056
     3500     86s |  33   166690   164360 |  25   168780   164700
     4000     92s |  56   167631   164360 |  63   170386   163853
     4500     99s |  63   168666   164360 |  52   174686   165243
H    5000    108s |  33   166844   163804 |  55   148664   140565
     5500    117s |  28   165857   163804 |  56   177248   164806
     6000    124s |  36   166679   163804 |  55   173345   164375
     6500    130s |  58   167960   163804 |  52   172158   163554
     7000    144s |  65   169397   163804 |  60   128886   122256
     7500    154s |  52   168999   163804 |  27   146567   142361
     8000    164s |  36   166867   163804 |  32   174250   164300
H    8500    176s |  37   166963   163659 |  29   176920   163910
     9000    185s |  28   166204   163659 |  35   132263   127949
     9500    194s |  38   166874   163659 |  43   171003   163868
    10000    208s |  60   169514   163659 |  42   157438   149539
    10500    220s |  41   168404   163659 |  44   118309   111590
    11000    230s |  47   168130   163659 |  52   172170   163051
    11500    236s |  31   166419   163659 |  32   171037   164418
    12000    242s |  54   168190   163659 |  38   181643   164286
    12500    251s |  42   167203   163659 |  41   171388   163658
    13000    266s |  63   169278   163659 |  43   122337   116447
    13500    275s |  33   166581   163659 |  51   163064   156169
H   14000    283s |  34   166181   163191 |  54   171030   163189
H   14500    289s |  43   166746   163100 |  54   169687   163189
    15000    295s |  31   165974   163100 |  49   169183   163189
    15500    305s |  34   166800   163100 |  50   124779   118374
    16000    318s |  48   168075   163100 |  58   146782   136168
    16500    330s |  29   166142   163100 |  65   172570   164271
    17000    336s |  58   167742   163100 |  62   169973   163416
    17500    342s |  37   166314   163100 |  59   173170   163416
H   18000    350s |  57   169035   163060 |  61   127101   120528
    18500    359s |  30   165849   163060 |  61   130036   125452
    19000    366s |  44   166607   163060 |  56   172272   163182
    19500    374s |  47   167596   163060 |  45   131084   126504
    20000    384s |  48   167099   163060 |  49   174954   163685
    20500    390s |  56   167448   163060 |  27   173563   163176
    21000    395s |  36   165882   163060 |  58   172139   163176
    21500    401s |  40   166584   163060 |  41   139725   133822
    22000    411s |  50   166622   163060 |  48   173582   164047
    22500    416s |  53   166677   163060 |  34   169902   163123
    23000    425s |  28   164961   163060 |  47   159965   151868
    23500    430s |  25   164022   163060 |  52   169049   163404
    24000    436s |  44   166611   163060 |  52   120998   115590
    24500    453s |  52   167448   163060 |  60   184379   163443
    25000    459s |  58   167270   163060 |  49   169156   163352
H   25500    464s |  42   165689   163036 |  35   171502   163374
    26000    474s |  57   168113   163036 |  40   162781   155646
    26500    479s |  37   165367   163036 |  33   174536   164098
    27000    483s |  31   164624   163036 |  34   169768   163405
    27500    495s |  46   166520   163036 |  62   176163   163902
    28000    500s |  48   166383   163036 |  62   172295   163490
    28500    511s |  37   166013   163036 |  62   179659   163262
    29000    517s |  52   167286   163036 |  57   184761   164798
    29500    522s |  33   164932   163036 |  48   170401   163570
    30000    529s |  48   166334   163036 |  35   169217   162957
    30500    537s |  32   165431   163036 |  34   149437   142385
    31000    545s |  53   167278   163036 |  39   166153   162249
    31500    555s |  46   167530   163036 |  42   154902   146450
    32000    561s |  50   167174   163036 |  33   138601   132609
    32500    574s |  31   164898   163036 |  41   168848   162578
    33000    580s |  48   166396   163036 |  43   166773   162578
    33500    586s |  25   163763   163036 |  46   167669   162294
    34000    591s |  31   165031   163036 |  48   173227   162642
    34500    597s |  34   166294   163036 |  38   134869   129616
    35000    612s |  53   168345   163036 |  45   156174   149674
    35500    621s |  25   163854   163036 |  53   169856   162962
    36000    627s |  39   166288   163036 |  54   169626   162823
H   36500    638s |  26   163936   162996 |  55   138035   132590
    37000    647s |  55   168058   162996 |  60   170504   163667
    37500    653s |  37   165965   162996 |  62   168633   163452
    38000    659s |  45   166335   162996 |  65   169434   162855
    38500    668s |  55   167074   162996 |  25   180964   163875
    39000    675s |  30   164853   162996 |  60   177902   163502
    39500    680s |  36   166057   162996 |  29   126406   120872
    40000    692s |  49   167160   162996 |  37   164403   157434
    40500    699s |  25   163849   162996 |  37   172504   163487
    41000    704s |  44   165890   162996 |  34   168326   163300
    41500    717s |  45   167209   162996 |  40   124560   118632
    42000    728s |  42   166115   162996 |  47   167236   159148
    42500    737s |  55   167046   162996 |  51   174278   163925
    43000    747s |  46   167304   162996 |  50   126817   119956
    43500    761s |  57   167882   162996 |  58   149859   139432
    44000    769s |  40   166128   162996 |  61   172612   163788
    44500    781s |  39   165642   162996 |  62   173535   164891
    45000    792s |  31   165345   162996 |  26   149304   144729
    45500    798s |  51   166277   162996 |  28   169800   162978
    46000    809s |  65   168139   162996 |  25   150623   145674
    46500    816s |  46   166659   162996 |  62   174842   163015
    47000    826s |  59   168482   162996 |  60   134606   129021
    47500    833s |  33   165652   162996 |  25   166313   162828
    48000    838s |  39   166327   162996 |  31   166150   162828
    48500    844s |  43   166135   162996 |  27   166841   163020
    49000    856s |  53   167703   162996 |  29   171456   163578
    49500    863s |  60   167485   162996 |  33   167160   163131
    50000    868s |  28   164858   162996 |  40   167483   162745
    50500    873s |  27   164858   162996 |  42   170095   162708
    51000    878s |  64   167763   162996 |  44   167904   162708

Search terminated in 878.85s after 51088 iterations.
Best-found solution has cost 162996.

Solution results
================
    # routes: 1
   # clients: 31
   objective: 162996
    distance: 137
    duration: 137
# iterations: 51088
    run-time: 878.85 seconds

Total WP Routes Temperr [°C]:
28.184261
Total All Routes Temperr [°C]:
249.92873
