*** Read File ***
*** Insert Masks ***
*** Point Selection ***
*** VRP Solver (Node number estimation - 60 [s]) ***
Maximum path length [km]:
[43.2]
PyVRP v0.10.1

Solving an instance with:
    2 depots
    320 clients
    1 vehicle (1 vehicle type)

                  |       Feasible        |      Infeasible
    Iters    Time |   #      Avg     Best |   #      Avg     Best
      500     18s |   0        -        - |  33 290909264247   133536
H    1000     36s |  15  1448488  1415252 |  41  1332455  1155761
H    1500     42s |  35  1416436  1386539 |  32  1474690  1397728
H    2000     48s |  55  1421097  1381859 |  25  1367953  1296002
H    2500     52s |  45  1407119  1378374 |  27  1420586  1375861
H    3000     57s |  35  1404320  1376022 |  60  1396996  1315567

Search terminated in 60.01s after 3402 iterations.
Best-found solution has cost 1376022.

Solution results
================
    # routes: 1
   # clients: 29
   objective: 1376022
    distance: 144
    duration: 144
# iterations: 3402
    run-time: 60.01 seconds

*** VRP Solver (Final routes) ***
Maximum path length [km]:
[41.46]
PyVRP v0.10.1

Solving an instance with:
    2 depots
    320 clients
    1 vehicle (1 vehicle type)

                  |       Feasible        |      Infeasible
    Iters    Time |   #      Avg     Best |   #      Avg     Best
      500     18s |   0        -        - |  33 290909264529   133818
H    1000     36s |  20  1443219  1415918 |  41  1381150  1147565
H    1500     41s |  57  1430293  1392473 |  46  1440215  1372466
H    2000     45s |  44  1420485  1388775 |  51  1430316  1366888
     2500     50s |  46  1421959  1388775 |  47  1358738  1282093
H    3000     54s |  34  1414087  1385353 |  35  1087181  1047707
     3500     61s |  55  1427612  1385353 |  43  1360057  1301826
     4000     65s |  30  1407470  1385353 |  42  1438576  1381494
H    4500     68s |  38  1413239  1382260 |  36  1426478  1376744
     5000     72s |  39  1410163  1382260 |  37  1434758  1376744
     5500     76s |  47  1415607  1382260 |  35  1424350  1376744
H    6000     79s |  62  1423176  1381516 |  35  1422085  1370356
     6500     83s |  40  1406828  1381516 |  35  1426673  1370356
     7000     89s |  49  1422303  1381516 |  40  1078187  1040464
H    7500     94s |  55  1419201  1376556 |  46  1454863  1382665
     8000    101s |  62  1421997  1376556 |  51  1559898  1402964
     8500    107s |  37  1418386  1376556 |  48  1106695  1050896
     9000    113s |  63  1430605  1376556 |  56  1425140  1343294
H    9500    118s |  63  1418051  1376167 |  57  1474864  1382640
    10000    122s |  56  1426907  1376167 |  49  1140443  1079174
    10500    130s |  57  1420625  1376167 |  57  1470879  1388267
    11000    134s |  44  1416806  1376167 |  47  1317923  1238519
    11500    138s |  27  1401015  1376167 |  55  1421676  1352982
    12000    142s |  60  1413562  1376167 |  46  1435724  1383717
    12500    148s |  35  1405525  1376167 |  51  1487468  1378914
    13000    151s |  26  1395603  1376167 |  48  1457218  1383106
    13500    155s |  42  1415853  1376167 |  28  1185013  1128706
    14000    161s |  57  1419034  1376167 |  36  1444575  1384672
    14500    165s |  62  1424214  1376167 |  41  1428044  1358394
    15000    170s |  30  1397021  1376167 |  48  1427038  1351744
    15500    174s |  54  1421253  1376167 |  54  1433524  1351744
    16000    178s |  52  1409361  1376167 |  54  1445368  1375860
    16500    180s |  59  1415353  1376167 |  60  1446466  1375860
    17000    185s |  35  1408712  1376167 |  51  1369385  1277637
    17500    189s |  51  1415648  1376167 |  52  1429089  1375816
    18000    193s |  34  1399918  1376167 |  37  1441042  1378040
    18500    198s |  39  1411887  1376167 |  33  1479701  1379590
    19000    202s |  28  1399962  1376167 |  32  1414213  1376919
    19500    205s |  44  1405973  1376167 |  30  1413664  1376919
    20000    208s |  35  1402104  1376167 |  28  1409687  1376919
    20500    211s |  41  1406017  1376167 |  53  1456331  1377493
    21000    217s |  54  1421773  1376167 |  60  1374749  1304241
    21500    223s |  55  1414045  1376167 |  60  1569888  1388141
    22000    229s |  44  1415273  1376167 |  26  1379633  1334393
H   22500    233s |  53  1411109  1373903 |  55  1436771  1381882
    23000    236s |  25  1388858  1373903 |  52  1423679  1381619
    23500    239s |  48  1412480  1373903 |  51  1453109  1380284
    24000    245s |  56  1423069  1373903 |  54  1115413  1060089
    24500    251s |  63  1419355  1373903 |  62  1440661  1340834
    25000    255s |  33  1401755  1373903 |  54  1434246  1382730
    25500    261s |  47  1415541  1373903 |  58  1440682  1373747
    26000    268s |  63  1423598  1373903 |  64  1315755  1244792
    26500    272s |  55  1422652  1373903 |  29  1424826  1365164
    27000    277s |  47  1409857  1373903 |  35  1426681  1357816
    27500    281s |  65  1423560  1373903 |  41  1395988  1350540
    28000    285s |  31  1402816  1373903 |  48  1405435  1342926
    28500    289s |  51  1416860  1373903 |  55  1397574  1342926
    29000    293s |  27  1394409  1373903 |  43  1199993  1155559
    29500    298s |  30  1394375  1373903 |  46  1456843  1386415
    30000    304s |  47  1415915  1373903 |  41  1335656  1274542
    30500    309s |  31  1400696  1373903 |  47  1433009  1358841
    31000    312s |  35  1402022  1373903 |  50  1420134  1358841
    31500    317s |  27  1391427  1373903 |  40  1362755  1293836
    32000    321s |  43  1416562  1373903 |  34  1098675  1042363
    32500    328s |  53  1415041  1373903 |  42  1491982  1385721
    33000    332s |  40  1413010  1373903 |  26  1098168  1051847
    33500    340s |  61  1423830  1373903 |  34  1232324  1177860
    34000    345s |  61  1415651  1373903 |  34  1480030  1385102
    34500    353s |  33  1402982  1373903 |  41  1267621  1198049
    35000    359s |  28  1394094  1373903 |  49  1403961  1331610
    35500    364s |  38  1407898  1373903 |  51  1131953  1078740
    36000    370s |  44  1405010  1373903 |  55  1456291  1373734
    36500    376s |  63  1417129  1373903 |  45  1318372  1242929
    37000    381s |  53  1412982  1373903 |  53  1556050  1385286

Search terminated in 383.04s after 37224 iterations.
Best-found solution has cost 1373903.

Solution results
================
    # routes: 1
   # clients: 29
   objective: 1373903
    distance: 138
    duration: 138
# iterations: 37224
    run-time: 383.04 seconds

Total WP Routes Temperr [°C]:
20.915382
Total All Routes Temperr [°C]:
183.1319
