#FRESNEL OPTIMAL PLANNING - GENERATION DATA 
#TIMESTAMP: 2026-05-29 22:49:07.923962 [UTC]
#AUV_NUMBER: 2
#SPEED: 1  [m/s]
#WP_WAITING_TIME: 1  [m]
#ROUTES SPECS:  waypoints(lat, lon, depth) - length_2d(same depth length) - travel_duration(no wp waiting time) - mission_duration(travel_duration + wp waiting time) -  minimum_depth(min depth along the route)
#length_2D: 76.145 [km] travel_duration: 21 [h] 9 [m] mission_duration: 22 [h] 4 [m] minimum_depth: 89.77215 [m]
 39.57266, -9.292792, 110.0299; 39.567383, -9.303485, 111.76999; 39.580574, -9.308832, 120.84726; 39.5753, -9.319525, 127.05723; 39.58321, -9.330218, 147.87352; 39.58849, -9.319525, 162.58534; 39.59904, -9.322198, 223.69624; 39.60168, -9.306158, 182.29196; 39.606956, -9.295465, 177.09703; 39.62806, -9.279426, 267.637; 39.638615, -9.287446, 336.755; 39.6307, -9.295465, 303.13257; 39.617508, -9.303485, 240.95454; 39.6307, -9.314178, 335.36246; 39.625423, -9.327544, 350.85367; 39.61487, -9.322198, 299.3589; 39.5964, -9.343584, 274.3446; 39.620148, -9.3516035, 448.4059; 39.617508, -9.36497, 510.31744; 39.606956, -9.3703165, 489.22522; 39.612232, -9.38101, 582.49646; 39.622784, -9.38101, 601.66943; 39.617508, -9.391703, 635.757; 39.606956, -9.391703, 597.2981; 39.59904, -9.399722, 573.2143; 39.612232, -9.405069, 676.7874; 39.622784, -9.415762, 658.90625; 39.61487, -9.4264555, 629.6481; 39.606956, -9.415762, 711.3943; 39.59904, -9.423781, 662.5977; 39.593765, -9.413089, 640.41223; 39.58321, -9.421108, 638.7078; 39.58321, -9.4077425, 535.85406; 39.57266, -9.402396, 419.525; 39.58321, -9.394376, 391.06818; 39.577934, -9.383683, 277.77408; 39.591125, -9.386356, 400.34555; 39.5964, -9.37299, 391.36273; 39.58585, -9.37299, 279.8226; 39.57266, -9.362297, 173.20686; 39.58321, -9.356951, 187.20485; 39.593765, -9.356951, 291.73297; 39.58321, -9.343584, 167.05566; 39.57266, -9.338238, 141.05069; 39.564743, -9.34893, 140.27315; 39.55683, -9.338238, 121.324066; 39.546276, -9.332891, 111.002716; 39.548916, -9.319525, 108.34841; 39.541, -9.308832, 100.00999; 39.533085, -9.300812, 91.88475; 39.548916, -9.300812, 102.3958; 39.55683, -9.292792, 104.214195; 39.54364, -9.290119, 94.84418; 39.54364, -9.276752, 89.77215; 39.55419, -9.276752, 97.46962; 39.564743, -9.279426, 102.51209; 39.571564, -9.290943, 110.0299; 
#length_2D: 74.753 [km] travel_duration: 20 [h] 45 [m] mission_duration: 21 [h] 37 [m] minimum_depth: 55.242493 [m]
 39.5753, -9.292792, 110.99918; 39.580574, -9.290119, 112.02972; 39.5753, -9.279426, 106.43576; 39.58585, -9.271406, 110.58156; 39.5964, -9.268733, 122.22772; 39.620148, -9.239327, 156.56822; 39.62806, -9.231307, 179.3466; 39.638615, -9.228634, 217.1299; 39.638615, -9.215268, 195.8492; 39.62806, -9.212595, 158.7179; 39.63334, -9.201901, 169.74365; 39.64389, -9.204575, 204.68958; 39.649166, -9.217941, 249.24768; 39.65708, -9.225961, 305.48068; 39.683464, -9.225961, 253.06964; 39.683464, -9.212595, 226.02602; 39.694016, -9.207248, 166.82523; 39.6861, -9.196555, 171.09497; 39.664997, -9.185862, 206.32439; 39.667633, -9.169823, 152.59608; 39.67291, -9.159129, 113.9006; 39.680824, -9.169823, 124.83658; 39.6861, -9.180515, 136.00868; 39.694016, -9.172496, 102.45154; 39.694016, -9.156456, 79.8272; 39.680824, -9.151109, 86.15522; 39.69929, -9.132396, 55.242493; 39.709846, -9.132396, 57.265064; 39.704567, -9.143089, 65.05105; 39.71776, -9.148436, 72.13446; 39.720398, -9.164475, 87.23804; 39.707207, -9.16715, 91.73684; 39.70193, -9.180515, 112.687454; 39.70193, -9.193882, 132.9653; 39.71776, -9.185862, 112.64042; 39.71776, -9.199228, 125.54547; 39.712482, -9.212595, 143.9959; 39.70193, -9.215268, 167.90305; 39.694016, -9.223288, 196.86653; 39.68874, -9.239327, 226.58905; 39.67819, -9.239327, 291.2309; 39.667633, -9.247347, 365.5554; 39.662357, -9.258039, 348.0806; 39.651806, -9.258039, 319.88486; 39.65708, -9.239327, 327.04785; 39.646526, -9.236654, 272.85654; 39.64125, -9.247347, 271.31757; 39.62806, -9.25002, 211.38583; 39.6307, -9.263387, 253.21231; 39.620148, -9.260714, 187.0221; 39.61487, -9.271406, 171.21594; 39.591125, -9.284773, 127.53216; 39.591125, -9.298139, 138.9977; 39.57704, -9.293381, 110.99918; 
