#FRESNEL OPTIMAL PLANNING - GENERATION DATA 
#TIMESTAMP: 2026-05-24 11:03:28.789635 [UTC]
#AUV_NUMBER: 2
#SPEED: 1  [m/s]
#WP_WAITING_TIME: 1  [m]
#ROUTES SPECS:  waypoints(lat, lon, depth) - length_2d(same depth length) - travel_duration(no wp waiting time) - mission_duration(travel_duration + wp waiting time) -  minimum_depth(min depth along the route)
#length_2D: 37.143 [km] travel_duration: 10 [h] 19 [m] mission_duration: 10 [h] 46 [m] minimum_depth: 89.77215 [m]
 39.57266, -9.292792, 110.0299; 39.57002, -9.290119, 108.14328; 39.5753, -9.279426, 106.43576; 39.55419, -9.276752, 97.46962; 39.54364, -9.276752, 89.77215; 39.54364, -9.290119, 94.84418; 39.55683, -9.292792, 104.214195; 39.548916, -9.300812, 102.3958; 39.533085, -9.300812, 91.88475; 39.541, -9.308832, 100.00999; 39.533085, -9.316852, 97.79233; 39.535725, -9.330218, 104.05605; 39.546276, -9.332891, 111.002716; 39.55683, -9.338238, 121.324066; 39.57266, -9.362297, 173.20686; 39.58321, -9.356951, 187.20485; 39.593765, -9.356951, 291.73297; 39.5964, -9.343584, 274.3446; 39.609592, -9.34893, 408.3902; 39.61487, -9.338238, 369.85568; 39.604317, -9.335565, 304.19208; 39.59904, -9.322198, 223.69624; 39.58849, -9.319525, 162.58534; 39.58321, -9.330218, 147.87352; 39.58321, -9.343584, 167.05566; 39.57266, -9.338238, 141.05069; 39.564743, -9.327544, 123.63197; 39.562107, -9.314178, 114.77917; 39.57169, -9.294755, 110.0299; 
#length_2D: 37.486 [km] travel_duration: 10 [h] 24 [m] mission_duration: 10 [h] 49 [m] minimum_depth: 110.99918 [m]
 39.5753, -9.292792, 110.99918; 39.591125, -9.298139, 138.9977; 39.60168, -9.306158, 182.29196; 39.606956, -9.295465, 177.09703; 39.617508, -9.303485, 240.95454; 39.6307, -9.295465, 303.13257; 39.62806, -9.279426, 267.637; 39.61487, -9.271406, 171.21594; 39.620148, -9.260714, 187.0221; 39.6307, -9.263387, 253.21231; 39.64125, -9.268733, 311.42307; 39.651806, -9.258039, 319.88486; 39.64125, -9.247347, 271.31757; 39.646526, -9.236654, 272.85654; 39.65708, -9.239327, 327.04785; 39.65708, -9.225961, 305.48068; 39.649166, -9.217941, 249.24768; 39.64389, -9.204575, 204.68958; 39.63334, -9.201901, 169.74365; 39.62806, -9.212595, 158.7179; 39.638615, -9.215268, 195.8492; 39.638615, -9.228634, 217.1299; 39.62806, -9.231307, 179.3466; 39.620148, -9.239327, 156.56822; 39.5964, -9.268733, 122.22772; 39.60168, -9.279426, 139.77101; 39.576973, -9.291943, 110.99918; 
