#FRESNEL OPTIMAL PLANNING - GENERATION DATA 
#TIMESTAMP: 2026-05-29 23:48:40.368232 [UTC]
#AUV_NUMBER: 2
#SPEED: 1  [m/s]
#WP_WAITING_TIME: 1  [m]
#ROUTES SPECS:  waypoints(lat, lon, depth) - length_2d(same depth length) - travel_duration(no wp waiting time) - mission_duration(travel_duration + wp waiting time) -  minimum_depth(min depth along the route)
#length_2D: 77.184 [km] travel_duration: 21 [h] 26 [m] mission_duration: 22 [h] 13 [m] minimum_depth: 110.0299 [m]
 39.57266, -9.292792, 110.0299; 39.580574, -9.295465, 113.84578; 39.5964, -9.295465, 150.16873; 39.606956, -9.292792, 172.27812; 39.63334, -9.292792, 315.48074; 39.64389, -9.290119, 325.1112; 39.65444, -9.295465, 289.95328; 39.664997, -9.316852, 211.35274; 39.68874, -9.316852, 151.25851; 39.680824, -9.330218, 161.71957; 39.670273, -9.330218, 180.10442; 39.67291, -9.346257, 192.0499; 39.662357, -9.34893, 244.85486; 39.65708, -9.359624, 323.106; 39.670273, -9.37299, 245.6308; 39.664997, -9.3890295, 308.39438; 39.65708, -9.38101, 391.03397; 39.646526, -9.383683, 533.7988; 39.64389, -9.397049, 562.4273; 39.635975, -9.4077425, 611.1699; 39.64389, -9.418435, 493.4435; 39.649166, -9.429129, 371.15375; 39.65708, -9.421108, 335.23727; 39.667633, -9.418435, 243.60907; 39.67291, -9.429129, 206.30092; 39.68874, -9.429129, 167.07047; 39.70193, -9.423781, 152.04478; 39.71776, -9.4264555, 146.05017; 39.712482, -9.415762, 147.20384; 39.70193, -9.402396, 153.00223; 39.709846, -9.394376, 148.50151; 39.720398, -9.399722, 142.16122; 39.720398, -9.383683, 140.522; 39.712482, -9.375663, 144.33185; 39.691376, -9.383683, 168.77112; 39.680824, -9.378337, 211.44998; 39.69929, -9.36497, 149.35599; 39.707207, -9.340911, 138.70332; 39.71776, -9.335565, 134.482; 39.70193, -9.319525, 137.16707; 39.709846, -9.311505, 134.28679; 39.69929, -9.306158, 137.65623; 39.6861, -9.303485, 163.92865; 39.67819, -9.287446, 220.52269; 39.667633, -9.295465, 244.90434; 39.65708, -9.276752, 314.90405; 39.646526, -9.274079, 320.0699; 39.5964, -9.282099, 134.49353; 39.57436, -9.2920265, 110.0299; 
#length_2D: 77.491 [km] travel_duration: 21 [h] 31 [m] mission_duration: 22 [h] 20 [m] minimum_depth: 102.850525 [m]
 39.5753, -9.292792, 110.99918; 39.564743, -9.316852, 117.82048; 39.55419, -9.322198, 112.323616; 39.53836, -9.322198, 102.850525; 39.533085, -9.332891, 103.50614; 39.54364, -9.338238, 111.965416; 39.535725, -9.346257, 110.461525; 39.533085, -9.359624, 113.9523; 39.548916, -9.36497, 136.78284; 39.562107, -9.359624, 144.30144; 39.57002, -9.367643, 188.12738; 39.559467, -9.37299, 178.60858; 39.57002, -9.38101, 239.13902; 39.5753, -9.391703, 323.84723; 39.58321, -9.383683, 302.28574; 39.593765, -9.383683, 415.7647; 39.593765, -9.397049, 510.082; 39.58321, -9.402396, 477.93973; 39.57002, -9.405069, 431.26596; 39.562107, -9.397049, 314.9088; 39.55155, -9.394376, 243.89272; 39.53836, -9.399722, 211.04091; 39.533085, -9.418435, 245.00526; 39.541, -9.4264555, 372.0004; 39.55683, -9.429129, 560.20056; 39.564743, -9.421108, 536.4213; 39.5753, -9.418435, 584.2052; 39.60168, -9.421108, 674.48236; 39.612232, -9.410416, 694.9873; 39.60168, -9.405069, 626.50977; 39.620148, -9.383683, 610.4315; 39.609592, -9.378337, 558.38556; 39.60168, -9.367643, 420.26224; 39.609592, -9.359624, 461.90353; 39.57266, -9.354278, 158.66121; 39.58321, -9.332891, 150.93631; 39.591125, -9.322198, 181.4083; 39.60168, -9.316852, 219.29213; 39.609592, -9.324871, 292.04407; 39.61487, -9.335565, 356.3693; 39.62806, -9.335565, 386.06754; 39.62806, -9.34893, 451.9141; 39.635975, -9.356951, 507.719; 39.646526, -9.3516035, 403.5005; 39.638615, -9.343584, 441.77786; 39.65444, -9.324871, 271.77182; 39.649166, -9.308832, 302.32928; 39.64125, -9.316852, 351.55093; 39.6307, -9.314178, 335.36246; 39.625423, -9.300812, 280.1656; 39.577084, -9.293078, 110.99918; 
