*** Read File ***
*** Insert Masks ***
*** Point Selection ***
*** VRP Solver (Node number estimation - 60 [s]) ***
Maximum path length [km]:
[21.6]
PyVRP v0.10.1

Solving an instance with:
    2 depots
    312 clients
    1 vehicle (1 vehicle type)

                  |       Feasible        |      Infeasible
    Iters    Time |   #      Avg     Best |   #      Avg     Best
      500     17s |   0        -        - |  33 290909250346   122853
H    1000     34s |  11  1600707  1577736 |  41 4380489515768  1278282
H    1500     38s |  57  1582688  1562105 |  45  1644805  1560980
H    2000     41s |  58  1580950  1556322 |  39  1709053  1565139
     2500     44s |  37  1576036  1556322 |  38  1626492  1565139
     3000     47s |  46  1576703  1556322 |  34  1639054  1560785
H    3500     49s |  46  1576063  1555935 |  59  1494135  1360520
     4000     53s |  52  1577062  1555935 |  64  1784964  1565906
     4500     58s |  37  1574559  1555935 |  63  1393436  1352765

Search terminated in 60.00s after 4726 iterations.
Best-found solution has cost 1555935.

Solution results
================
    # routes: 1
   # clients: 15
   objective: 1555935
    distance: 71
    duration: 71
# iterations: 4726
    run-time: 60.00 seconds

*** VRP Solver (Final routes) ***
Maximum path length [km]:
[20.7]
PyVRP v0.10.1

Solving an instance with:
    2 depots
    312 clients
    1 vehicle (1 vehicle type)

                  |       Feasible        |      Infeasible
    Iters    Time |   #      Avg     Best |   #      Avg     Best
      500     17s |   0        -        - |  33 290909250487   122994
H    1000     34s |  17  1595843  1580320 |  41  1578317  1303694
H    1500     38s |  41  1583796  1568785 |  40  1630999  1560482
H    2000     40s |  62  1586036  1563312 |  39  1619247  1560482
     2500     42s |  31  1579631  1563312 |  58  1786617  1567358
     3000     45s |  40  1581542  1563312 |  43  1646001  1560750
H    3500     48s |  42  1582219  1563221 |  42  1385588  1328435
     4000     51s |  61  1581981  1563221 |  28  1752015  1566807
     4500     54s |  60  1581945  1563221 |  32  1640019  1563295
     5000     57s |  35  1576933  1563221 |  31  1672047  1579583
     5500     61s |  34  1576158  1563221 |  34  1634969  1567803
     6000     64s |  53  1584387  1563221 |  26  1734969  1565592
H    6500     67s |  54  1582617  1562995 |  65  1707122  1565592
     7000     70s |  28  1571799  1562995 |  44  1695322  1595889
     7500     73s |  60  1585166  1562995 |  64  1508126  1439871
     8000     77s |  56  1585240  1562995 |  28  1488904  1446818
     8500     80s |  51  1581220  1562995 |  30  1612273  1567800
     9000     82s |  35  1575886  1562995 |  27  1601992  1565902
H    9500     85s |  36  1577357  1556744 |  25  1601120  1562551
    10000     87s |  25  1568519  1556744 |  57  1673354  1564654
    10500     89s |  28  1570296  1556744 |  41  1637971  1559965
    11000     92s |  35  1572880  1556744 |  39  1695583  1562689
    11500     95s |  53  1581198  1556744 |  44  1638638  1561353
    12000     99s |  40  1579325  1556744 |  46  1506599  1462806
    12500    102s |  54  1581620  1556744 |  63  1563109  1508852
    13000    106s |  48  1578045  1556744 |  30  1629064  1572232
    13500    109s |  34  1573563  1556744 |  38  1701126  1564059
    14000    111s |  37  1573247  1556744 |  29  1645065  1565307
    14500    115s |  65  1583564  1556744 |  65  1753264  1563304
    15000    117s |  36  1576250  1556744 |  64  1647297  1563304
    15500    122s |  49  1580938  1556744 |  27  1630257  1570548
    16000    126s |  42  1579325  1556744 |  58  1452007  1399672
    16500    130s |  53  1582134  1556744 |  65  1555452  1505811
    17000    134s |  35  1573746  1556744 |  28  1609719  1562110
    17500    136s |  46  1579370  1556744 |  28  1590639  1560475
    18000    139s |  33  1572889  1556744 |  63  1633283  1558237
    18500    141s |  37  1572146  1556744 |  41  1628559  1558237
    19000    144s |  39  1578078  1556744 |  29  1431556  1395016
    19500    148s |  41  1578199  1556744 |  65  1589662  1538071
    20000    151s |  58  1580284  1556744 |  25  1641499  1566145
    20500    155s |  42  1575854  1556744 |  26  1588643  1553923
    21000    159s |  63  1584292  1556744 |  32  1627293  1567916
    21500    163s |  62  1583900  1556744 |  36  1733652  1606404
    22000    166s |  65  1582670  1556744 |  53  1603543  1551809
    22500    169s |  28  1567317  1556744 |  59  1594710  1550746
    23000    172s |  54  1580642  1556744 |  63  1655461  1561933
H   23500    175s |  33  1570165  1556663 |  64  1641918  1561933
    24000    177s |  59  1579528  1556663 |  58  1630779  1561933
    24500    179s |  32  1568356  1556663 |  53  1620750  1561933
    25000    182s |  60  1580767  1556663 |  45  1635292  1561053
    25500    185s |  26  1567786  1556663 |  39  1641001  1563001
    26000    188s |  62  1582076  1556663 |  34  1657895  1565480
    26500    191s |  45  1578163  1556663 |  26  1603708  1567173
    27000    194s |  62  1579966  1556663 |  28  1619937  1564429
    27500    197s |  64  1583305  1556663 |  57  1422580  1386350
    28000    202s |  30  1568271  1556663 |  65  1700419  1609531
    28500    206s |  58  1580617  1556663 |  28  1635969  1569642
    29000    209s |  41  1574888  1556663 |  25  1674592  1585246
    29500    213s |  36  1573228  1556663 |  28  1604495  1541065
    30000    216s |  50  1577102  1556663 |  32  1654495  1562991
    30500    219s |  29  1568501  1556663 |  61  1485460  1434796
    31000    222s |  47  1579106  1556663 |  62  1502261  1439943
    31500    227s |  27  1566689  1556663 |  29  1643187  1564511
    32000    229s |  26  1564371  1556663 |  35  1633855  1564511
    32500    232s |  31  1570348  1556663 |  33  1643604  1564511
    33000    236s |  30  1569838  1556663 |  39  1606906  1558718
    33500    240s |  37  1573436  1556663 |  39  1649736  1559796
    34000    242s |  27  1565265  1556663 |  32  1622578  1559796
    34500    245s |  28  1568507  1556663 |  32  1601001  1559796
    35000    247s |  54  1580534  1556663 |  32  1624689  1559744
    35500    250s |  61  1579966  1556663 |  35  1617840  1559744
    36000    253s |  59  1582573  1556663 |  36  1737858  1604376
    36500    256s |  28  1567898  1556663 |  40  1626696  1559571
    37000    259s |  36  1574010  1556663 |  36  1703124  1564937
    37500    264s |  62  1584266  1556663 |  65  1534472  1488628
    38000    267s |  50  1579029  1556663 |  32  1614672  1565186

Search terminated in 267.50s after 38007 iterations.
Best-found solution has cost 1556663.

Solution results
================
    # routes: 1
   # clients: 15
   objective: 1556663
    distance: 69
    duration: 69
# iterations: 38007
    run-time: 267.50 seconds

Total WP Routes Temperr [°C]:
11.017406
Total All Routes Temperr [°C]:
95.16694
