*** Read File ***
*** Insert Masks ***
*** Point Selection ***
*** VRP Solver (Node number estimation - 60 [s]) ***
Maximum path length [km]:
[43.2]
PyVRP v0.10.1

Solving an instance with:
    2 depots
    320 clients
    1 vehicle (1 vehicle type)

                  |       Feasible        |      Infeasible
    Iters    Time |   #      Avg     Best |   #      Avg     Best
      500     29s |   0        -        - |  33 407272847249    89821
H    1000     39s |  53   114565   110642 |  47   115090   107530
H    1500     46s |  43   112626   108983 |  33   119977   110644
     2000     52s |  56   113053   108983 |  57   127740   110370
H    2500     59s |  27   111639   108912 |  47   116151   108955

Search terminated in 60.04s after 2567 iterations.
Best-found solution has cost 108912.

Solution results
================
    # routes: 1
   # clients: 26
   objective: 108912
    distance: 144
    duration: 144
# iterations: 2567
    run-time: 60.04 seconds

*** VRP Solver (Final routes) ***
Maximum path length [km]:
[41.64]
PyVRP v0.10.1

Solving an instance with:
    2 depots
    320 clients
    1 vehicle (1 vehicle type)

                  |       Feasible        |      Infeasible
    Iters    Time |   #      Avg     Best |   #      Avg     Best
      500     35s |   0        -        - |  33 407272847531    90103
H    1000     44s |  25   113078   111012 |  59   127341   110956
     1500     50s |  62   114422   111012 |  46   112340   106775
H    2000     55s |  44   113513   110841 |  42   115046   110248
H    2500     62s |  46   113237   110538 |  43   119254   110599
     3000     68s |  47   113322   110538 |  27   115675   110307
H    3500     73s |  37   113008   110473 |  60   124920   110690
H    4000     79s |  33   112675   110144 |  40   118519   110560
     4500     86s |  59   113959   110144 |  36   109973   104371
     5000     92s |  32   112628   110144 |  35   122906   110337
H    5500    103s |  63   113684   110136 |  27   103277    96626
     6000    113s |  48   114572   110136 |  55   103814    96456
     6500    121s |  33   112784   110136 |  45   115791   106727
H    7000    128s |  34   112347   109872 |  38   113862   109551
     7500    134s |  50   113321   109872 |  55   125868   109641
     8000    139s |  33   112310   109872 |  39   114161   109487
     8500    146s |  56   113658   109872 |  32   105238    99953
     9000    153s |  57   113863   109872 |  27   107297   100637
     9500    160s |  38   112942   109872 |  52   129916   111778
    10000    166s |  57   112965   109872 |  47   115099   109860
    10500    172s |  26   112043   109872 |  43   116259   109844
    11000    179s |  28   112164   109872 |  31   116486   110420
    11500    185s |  58   114310   109872 |  39   102531    96796
    12000    193s |  51   113643   109872 |  40   116708   106047
    12500    202s |  61   113307   109872 |  65   117408   110044
    13000    208s |  60   113536   109872 |  53   118084   109976
    13500    216s |  62   113576   109872 |  44   118938   110304
    14000    222s |  46   114114   109872 |  36   107359   100064
    14500    228s |  57   113954   109872 |  44    97876    92483
    15000    235s |  28   111899   109872 |  33   115672   110503
    15500    245s |  38   112607   109872 |  29   117727   109726
    16000    252s |  61   113428   109872 |  55   130971   111407
    16500    258s |  33   112612   109872 |  41   124409   111039
    17000    263s |  35   112809   109872 |  63   104024    90460
    17500    270s |  37   112505   109872 |  28   114863   110304
    18000    275s |  37   113076   109872 |  27   105184    97936
H   18500    283s |  50   113864   109643 |  27    94707    90494
    19000    290s |  43   112771   109643 |  61   115957   108552
    19500    298s |  33   112526   109643 |  36    98423    92579
    20000    307s |  34   112403   109643 |  34   117625   110165
    20500    314s |  28   111717   109643 |  61    98944    93242
    21000    321s |  43   112346   109643 |  53   119252   110295
    21500    327s |  29   111915   109643 |  31   106457   101748
    22000    333s |  51   112797   109643 |  58   119824   110799
    22500    338s |  54   113528   109643 |  64    91806    88280
    23000    346s |  40   113246   109643 |  62    93990    88612
    23500    353s |  54   113293   109643 |  29   117229   110256
    24000    361s |  40   112388   109643 |  31   111531   104855
    24500    369s |  41   112597   109643 |  59   118693   110943
    25000    373s |  36   112098   109643 |  55   114109   109891
    25500    377s |  42   112755   109643 |  45   115844   109891
    26000    381s |  56   112650   109643 |  31   114389   109759
    26500    386s |  62   113140   109643 |  59   125743   109829
H   27000    396s |  28   111736   109555 |  45   114218   106314
    27500    405s |  41   112502   109555 |  58   105378    98794
    28000    412s |  54   112752   109555 |  57   115270   109976
    28500    418s |  34   112455   109555 |  43   107077    99694
    29000    426s |  65   114081   109555 |  35   116653   108588
    29500    431s |  55   113622   109555 |  54   109010   100272
    30000    437s |  40   112233   109555 |  51   132676   110847
    30500    442s |  59   113796   109555 |  57    99031    94463
    31000    448s |  54   113540   109555 |  40    93510    87746
    31500    455s |  57   112906   109555 |  46   115627   109899
    32000    460s |  60   113144   109555 |  51   113936   109813
    32500    466s |  47   113455   109555 |  54   112870   103882
    33000    471s |  46   113413   109555 |  30   112833   104530
    33500    477s |  46   113039   109555 |  27   114320   109908
H   34000    482s |  57   112929   109465 |  65   115739   109361
    34500    491s |  42   112646   109465 |  28   122231   110741
    35000    501s |  45   113350   109465 |  26   120888   110878
    35500    506s |  49   112831   109465 |  52   116400   110180
    36000    516s |  45   112555   109465 |  48   128490   111059
    36500    521s |  25   111204   109465 |  61   114976   110347
    37000    526s |  51   112709   109465 |  40   114102   109779
    37500    532s |  26   111373   109465 |  35   115236   110090
    38000    538s |  29   111622   109465 |  28   124747   111094
    38500    544s |  31   111928   109465 |  42   109396   103033
    39000    551s |  63   114013   109465 |  30   110618   103621
    39500    556s |  27   111646   109465 |  45   116569   109948
    40000    562s |  38   112946   109465 |  43   101396    96170
    40500    568s |  53   113784   109465 |  58    95347    89129
    41000    574s |  39   112623   109465 |  38   114050   106235
    41500    583s |  30   111650   109465 |  34   121892   110684
    42000    593s |  44   112823   109465 |  34   115334   108969
    42500    600s |  52   113777   109465 |  25   106597   101220
    43000    607s |  52   112609   109465 |  59   117185   109864
    43500    613s |  46   112448   109465 |  49   115849   109756
    44000    619s |  50   113268   109465 |  34   110533   101940
    44500    625s |  59   114323   109465 |  59   100573    94450
    45000    630s |  59   113374   109465 |  33   121170   110225
    45500    637s |  25   111117   109465 |  28   110603   103730
    46000    643s |  33   112263   109465 |  56   113810   104427
    46500    648s |  64   112899   109465 |  51   120169   110161
    47000    654s |  49   113606   109465 |  42    96817    89838
    47500    661s |  43   113619   109465 |  31   114190   107229
    48000    667s |  32   112654   109465 |  58    97597    91262
    48500    673s |  48   112892   109465 |  50   129571   109868

Search terminated in 673.51s after 48523 iterations.
Best-found solution has cost 109465.

Solution results
================
    # routes: 1
   # clients: 26
   objective: 109465
    distance: 138
    duration: 138
# iterations: 48523
    run-time: 673.51 seconds

Total WP Routes Temperr [°C]:
17.582949
Total All Routes Temperr [°C]:
162.70285
