*** Read File ***
*** Insert Masks ***
*** Point Selection ***
*** VRP Solver (Node number estimation - 60 [s]) ***
Maximum path length [km]:
[43.2]
PyVRP v0.10.1

Solving an instance with:
    2 depots
    315 clients
    1 vehicle (1 vehicle type)

                  |       Feasible        |      Infeasible
    Iters    Time |   #      Avg     Best |   #      Avg     Best
      500     23s |   0        -        - |  33 203636505134   106162
H    1000     46s |  54  1519036  1476937 |  41  1352142  1172580
H    1500     55s |  39  1501001  1448530 |  49  1245450  1162133

Search terminated in 60.00s after 1762 iterations.
Best-found solution has cost 1448530.

Solution results
================
    # routes: 1
   # clients: 28
   objective: 1448530
    distance: 144
    duration: 144
# iterations: 1762
    run-time: 60.00 seconds

*** VRP Solver (Final routes) ***
Maximum path length [km]:
[41.52]
PyVRP v0.10.1

Solving an instance with:
    2 depots
    315 clients
    1 vehicle (1 vehicle type)

                  |       Feasible        |      Infeasible
    Iters    Time |   #      Avg     Best |   #      Avg     Best
      500     24s |   0        -        - |  33 203636505416   106444
H    1000     48s |  61  1526282  1467182 |  41  1119599  1021559
     1500     58s |  57  1519828  1467182 |  49  1270243  1166155
     2000     67s |  30  1495876  1467182 |  57  1266862  1166155
H    2500     77s |  46  1509946  1465252 |  65  1259509  1157372
     3000     88s |  25  1486462  1465252 |  32  1270674  1157186
     3500     98s |  33  1499157  1465252 |  40  1248418  1152157
     4000    109s |  54  1514842  1465252 |  48  1230184  1152157
     4500    119s |  64  1515041  1465252 |  56  1220954  1152157
     5000    128s |  55  1516298  1465252 |  64  1244503  1152157
     5500    137s |  62  1517075  1465252 |  31  1371912  1303935
     6000    144s |  47  1511577  1465252 |  39  1388673  1303935
     6500    152s |  28  1488110  1465252 |  47  1387085  1303032
     7000    159s |  58  1516811  1465252 |  55  1391363  1302501
     7500    167s |  37  1499638  1465252 |  63  1396016  1302501
H    8000    174s |  51  1504509  1459345 |  30  1362981  1302501
     8500    181s |  61  1511001  1459345 |  38  1354376  1301043
     9000    189s |  52  1508704  1459345 |  46  1358839  1301043
     9500    198s |  40  1494701  1459345 |  54  1068782  1023911
    10000    210s |  62  1511413  1459345 |  62  1249853  1177410
    10500    219s |  45  1500833  1459345 |  29  1199684  1172785
    11000    228s |  58  1505119  1459345 |  37  1393331  1322413
    11500    242s |  50  1505793  1459345 |  45  1078668  1047385
    12000    254s |  26  1476350  1459345 |  53  1081281  1026038
    12500    267s |  48  1504696  1459345 |  61  1082880  1026038
    13000    286s |  61  1515876  1459345 |  28  1124790  1074047
    13500    297s |  31  1487824  1459345 |  36  1288475  1209877
    14000    316s |  30  1488267  1459345 |  44  1124034  1065132
    14500    329s |  64  1513387  1459345 |  52  1121172  1060215
    15000    344s |  50  1508446  1459345 |  60  1166730  1099680
    15500    357s |  65  1513731  1459345 |  27  1142965  1099680
    16000    372s |  44  1501174  1459345 |  35  1146266  1076797
    16500    390s |  63  1509595  1459345 |  43  1186460  1117929
    17000    405s |  45  1501151  1459345 |  51  1165576  1099150
    17500    418s |  27  1480111  1459345 |  59  1362287  1250851
    18000    426s |  46  1500577  1459345 |  25  1563740  1398494
H   18500    435s |  48  1503942  1453721 |  33  1474831  1398494
    19000    442s |  64  1513534  1453721 |  41  1477008  1398494
H   19500    449s |  37  1481027  1450614 |  46  1586537  1448217
H   20000    459s |  61  1507818  1436674 |  45  1181129  1125748
    20500    471s |  49  1505412  1436674 |  53  1162220  1117447
    21000    485s |  62  1507770  1436674 |  61  1175084  1113220
    21500    500s |  64  1506960  1436674 |  28   726347   690918
    22000    516s |  51  1502542  1436674 |  36  1191110  1113939
    22500    528s |  39  1489513  1436674 |  44  1164542  1109241
    23000    538s |  27  1473027  1436674 |  52  1158486  1109241
    23500    548s |  29  1476616  1436674 |  60  1170197  1106457
    24000    558s |  50  1503559  1436674 |  27  1136362  1106457
    24500    571s |  40  1487926  1436674 |  35   883117   841675
    25000    581s |  52  1508141  1436674 |  43  1225654  1146471
    25500    592s |  42  1492588  1436674 |  51  1227689  1140962
    26000    605s |  63  1507536  1436674 |  59  1224155  1140962
    26500    615s |  60  1508872  1436674 |  26  1204259  1140962
    27000    624s |  43  1498143  1436674 |  34  1400841  1302719
    27500    631s |  40  1496555  1436674 |  42  1375021  1291718
    28000    640s |  27  1474480  1436674 |  50  1377378  1291718
    28500    647s |  54  1507600  1436674 |  58  1389336  1291718
    29000    654s |  26  1468416  1436674 |  25  1353817  1291666
    29500    662s |  42  1493938  1436674 |  33   781576   719837
    30000    673s |  44  1497430  1436674 |  41  1426485  1308524
    30500    681s |  54  1501778  1436674 |  49  1383029  1304371
    31000    688s |  59  1492159  1436674 |  57  1504728  1440377
    31500    692s |  52  1497558  1436674 |  60  1488285  1431430
    32000    703s |  45  1496340  1436674 |  27  1221907  1179446
    32500    712s |  64  1507492  1436674 |  35  1229802  1171860
    33000    722s |  52  1505311  1436674 |  43  1227126  1159382
    33500    733s |  31  1478011  1436674 |  51  1085214  1036633
    34000    746s |  52  1498762  1436674 |  59  1076021  1031295
    34500    755s |  31  1483402  1436674 |  26  1198572  1166049

Search terminated in 760.40s after 34666 iterations.
Best-found solution has cost 1436674.

Solution results
================
    # routes: 1
   # clients: 29
   objective: 1436674
    distance: 138
    duration: 138
# iterations: 34666
    run-time: 760.40 seconds

Total WP Routes Temperr [°C]:
22.479263
Total All Routes Temperr [°C]:
189.5801
