#FRESNEL OPTIMAL PLANNING - GENERATION DATA 
#TIMESTAMP: 2026-05-24 11:16:49.807429 [UTC]
#AUV_NUMBER: 2
#SPEED: 1  [m/s]
#WP_WAITING_TIME: 1  [m]
#ROUTES SPECS:  waypoints(lat, lon, depth) - length_2d(same depth length) - travel_duration(no wp waiting time) - mission_duration(travel_duration + wp waiting time) -  minimum_depth(min depth along the route)
#length_2D: 38.744 [km] travel_duration: 10 [h] 45 [m] mission_duration: 11 [h] 8 [m] minimum_depth: 82.07468 [m]
 39.57266, -9.292792, 110.0299; 39.58585, -9.314178, 141.74928; 39.61487, -9.303485, 226.6584; 39.622784, -9.311505, 292.72974; 39.617508, -9.322198, 308.40402; 39.5964, -9.322198, 209.60025; 39.58321, -9.330218, 147.87352; 39.57266, -9.34893, 152.79103; 39.562107, -9.34893, 136.10052; 39.55419, -9.356951, 128.25725; 39.546276, -9.34893, 118.66835; 39.533085, -9.343584, 107.68461; 39.535725, -9.330218, 104.05605; 39.548916, -9.330218, 111.61844; 39.559467, -9.324871, 117.5721; 39.55419, -9.314178, 110.003845; 39.54364, -9.319525, 105.14647; 39.535725, -9.308832, 96.63105; 39.55683, -9.295465, 105.143166; 39.548916, -9.287446, 97.53005; 39.53836, -9.287446, 90.13434; 39.533085, -9.276752, 82.07468; 39.57266, -9.274079, 103.45829; 39.567383, -9.284773, 105.33234; 39.57149, -9.2910185, 110.0299; 
#length_2D: 38.975 [km] travel_duration: 10 [h] 49 [m] mission_duration: 11 [h] 12 [m] minimum_depth: 96.35049 [m]
 39.5753, -9.292792, 110.99918; 39.5964, -9.276752, 128.31947; 39.58849, -9.268733, 112.54907; 39.59904, -9.263387, 121.00683; 39.604317, -9.252693, 116.2494; 39.61487, -9.263387, 160.34898; 39.625423, -9.258039, 212.37718; 39.622784, -9.244674, 176.07553; 39.612232, -9.242001, 122.1156; 39.604317, -9.217941, 96.35049; 39.6307, -9.209921, 165.97498; 39.638615, -9.217941, 197.94125; 39.649166, -9.217941, 249.24768; 39.65708, -9.225961, 305.48068; 39.6307, -9.236654, 200.1455; 39.638615, -9.244674, 253.7664; 39.649166, -9.244674, 300.57117; 39.651806, -9.258039, 319.88486; 39.662357, -9.258039, 348.0806; 39.649166, -9.276752, 320.56378; 39.617508, -9.282099, 204.61812; 39.606956, -9.282099, 153.00247; 39.60168, -9.295465, 163.63289; 39.58849, -9.298139, 131.84465; 39.57702, -9.293489, 110.99918; 
