#FRESNEL OPTIMAL PLANNING - GENERATION DATA 
#TIMESTAMP: 2026-06-08 22:35:53.760241 [UTC]
#AUV_NUMBER: 2
#SPEED: 1  [m/s]
#WP_WAITING_TIME: 1  [m]
#ROUTES SPECS:  waypoints(lat, lon, depth) - length_2d(same depth length) - travel_duration(no wp waiting time) - mission_duration(travel_duration + wp waiting time) -  minimum_depth(min depth along the route)
#length_2D: 37.974 [km] travel_duration: 10 [h] 32 [m] mission_duration: 10 [h] 53 [m] minimum_depth: 106.25201 [m]
 39.57266, -9.292792, 110.0299; 39.567383, -9.287446, 106.25201; 39.5753, -9.311505, 120.553406; 39.57266, -9.324871, 129.08961; 39.58321, -9.354278, 183.175; 39.57266, -9.354278, 158.66121; 39.562107, -9.359624, 144.30144; 39.57002, -9.367643, 188.12738; 39.559467, -9.37299, 178.60858; 39.57002, -9.38101, 239.13902; 39.58321, -9.402396, 477.93973; 39.593765, -9.397049, 510.082; 39.612232, -9.410416, 694.9873; 39.635975, -9.4077425, 611.1699; 39.64389, -9.397049, 562.4273; 39.646526, -9.383683, 533.7988; 39.635975, -9.378337, 612.51373; 39.620148, -9.383683, 610.4315; 39.609592, -9.378337, 558.38556; 39.593765, -9.343584, 252.88681; 39.59904, -9.332891, 257.24667; 39.580574, -9.295465, 113.84578; 39.5744, -9.293381, 110.0299; 
#length_2D: 39.091 [km] travel_duration: 10 [h] 51 [m] mission_duration: 11 [h] 17 [m] minimum_depth: 110.99918 [m]
 39.5753, -9.292792, 110.99918; 39.609592, -9.324871, 292.04407; 39.61487, -9.335565, 356.3693; 39.62806, -9.335565, 386.06754; 39.638615, -9.343584, 441.77786; 39.62806, -9.34893, 451.9141; 39.635975, -9.356951, 507.719; 39.646526, -9.3516035, 403.5005; 39.65708, -9.359624, 323.106; 39.662357, -9.34893, 244.85486; 39.67291, -9.346257, 192.0499; 39.670273, -9.330218, 180.10442; 39.680824, -9.330218, 161.71957; 39.67555, -9.316852, 183.14075; 39.664997, -9.316852, 211.35274; 39.65444, -9.324871, 271.77182; 39.646526, -9.335565, 341.27417; 39.635975, -9.327544, 380.7621; 39.64125, -9.316852, 351.55093; 39.649166, -9.308832, 302.32928; 39.659718, -9.306158, 250.86972; 39.65444, -9.295465, 289.95328; 39.64389, -9.290119, 325.1112; 39.63334, -9.292792, 315.48074; 39.625423, -9.300812, 280.1656; 39.620148, -9.290119, 233.98158; 39.5964, -9.295465, 150.16873; 39.57709, -9.293019, 110.99918; 
