*** Read File ***
*** Insert Masks ***
*** Point Selection ***
*** VRP Solver (Node number estimation - 60 [s]) ***
Maximum path length [km]:
[43.2]
PyVRP v0.10.1

Solving an instance with:
    2 depots
    315 clients
    1 vehicle (1 vehicle type)

                  |       Feasible        |      Infeasible
    Iters    Time |   #      Avg     Best |   #      Avg     Best
      500     38s |   0        -        - |  33   101996    93474
H    1000     52s |  65   124786   120787 |  27   117845   112762
H    1500     60s |  32   121960   119646 |  43   127941   120122

Search terminated in 60.01s after 1539 iterations.
Best-found solution has cost 119646.

Solution results
================
    # routes: 1
   # clients: 26
   objective: 119646
    distance: 144
    duration: 144
# iterations: 1539
    run-time: 60.01 seconds

*** VRP Solver (Final routes) ***
Maximum path length [km]:
[41.64]
PyVRP v0.10.1

Solving an instance with:
    2 depots
    315 clients
    1 vehicle (1 vehicle type)

                  |       Feasible        |      Infeasible
    Iters    Time |   #      Avg     Best |   #      Avg     Best
      500     37s |   0        -        - |  33   102278    93756
H    1000     50s |  49   124687   121063 |  64   128225   121122
H    1500     57s |  54   124927   120927 |  50   130085   122038
H    2000     65s |  41   123134   120790 |  38   140815   121762
     2500     73s |  47   124655   120790 |  44   104708   100125
H    3000     79s |  57   123717   120519 |  38   125415   120681
     3500     88s |  43   123116   120519 |  52   133386   121130
H    4000     95s |  52   123336   120300 |  42   128584   120616
     4500    104s |  34   123616   120300 |  65   118973   111145
     5000    111s |  27   122609   120300 |  48   130909   120306
     5500    120s |  54   124899   120300 |  44   119901   112454
     6000    129s |  38   123286   120300 |  44   125040   120297
     6500    135s |  27   122298   120300 |  32   128858   121050
     7000    145s |  40   123646   120300 |  27   128307   120593
     7500    154s |  65   124513   120300 |  53   122940   116804
     8000    162s |  32   123113   120300 |  39   127292   119077
     8500    171s |  54   123500   120300 |  38   126724   117648
     9000    178s |  25   122155   120300 |  50   125156   120496
     9500    187s |  53   124244   120300 |  38   126264   120730
    10000    194s |  48   124453   120300 |  25   120666   112913
    10500    202s |  29   122589   120300 |  38   131025   120773
    11000    209s |  65   124556   120300 |  32   136534   121818
    11500    218s |  46   123165   120300 |  46   133040   121788
    12000    224s |  26   122206   120300 |  62   132145   120454
    12500    232s |  31   122380   120300 |  59   129521   120355
    13000    238s |  46   122932   120300 |  33   127875   120661
    13500    246s |  35   122867   120300 |  32   129477   120859
    14000    253s |  32   122923   120300 |  51   127768   120254
    14500    262s |  48   124251   120300 |  25   119539   113153
    15000    270s |  25   121984   120300 |  47   133536   121261
    15500    278s |  30   122820   120300 |  39   112736   107901
    16000    284s |  37   122868   120300 |  28   124400   120407
    16500    294s |  39   123677   120300 |  55   115004   109023
H   17000    301s |  55   124618   120090 |  29   125999   121018
    17500    308s |  58   125267   120090 |  39   128910   118826
    18000    316s |  55   124670   120090 |  64   110602   102813
    18500    325s |  62   123773   120090 |  40   125418   120366
    19000    334s |  54   124287   120090 |  33   139637   121133
    19500    340s |  63   123338   120090 |  43   116452    98083
    20000    348s |  25   122177   120090 |  58   120894   112348
    20500    356s |  48   124251   120090 |  30   109992   106437
    21000    363s |  60   123982   120090 |  51   137398   120899
    21500    370s |  30   122803   120090 |  44   130352   120601
    22000    376s |  65   124260   120090 |  53   108770   101936
    22500    386s |  63   123663   120090 |  45   127779   120047
    23000    393s |  29   122550   120090 |  28   125082   119508
    23500    400s |  58   123344   120090 |  44   125510   120538
    24000    404s |  52   123608   120090 |  59   127948   120400
H   24500    412s |  45   124035   119839 |  60   129890   119191
    25000    419s |  54   123964   119839 |  49   117543   111720
    25500    427s |  25   121961   119839 |  48   126087   120836
    26000    433s |  61   124029   119839 |  58   112952    98695
    26500    443s |  56   124107   119839 |  60   116573   106210
    27000    449s |  30   122544   119839 |  58   125218   120267
    27500    456s |  33   122295   119839 |  41   130461   120243
    28000    463s |  64   123378   119839 |  65   126591   119919
    28500    471s |  61   123544   119839 |  56   130209   120909
    29000    476s |  43   123269   119839 |  42   124676   120122
    29500    482s |  28   122333   119839 |  49   127921   120122
    30000    489s |  53   122937   119839 |  59   127474   119649
    30500    496s |  27   122131   119839 |  26   121828   115543
    31000    503s |  56   123552   119839 |  41   133454   120439
    31500    511s |  26   121678   119839 |  61   128810   120742
    32000    520s |  25   121460   119839 |  55   126516   117953
    32500    528s |  34   122877   119839 |  34   126375   120273
    33000    535s |  61   124127   119839 |  49   121223   112741
    33500    546s |  30   122656   119839 |  40   132434   120621
    34000    552s |  32   122496   119839 |  61   129817   120540
    34500    561s |  61   124747   119839 |  41   124482   115138
    35000    567s |  62   123157   119839 |  64   126950   120280
    35500    577s |  25   121699   119839 |  58   126007   120664
    36000    584s |  41   124275   119839 |  38   125959   117338
    36500    591s |  29   122091   119839 |  48   124767   120449
    37000    599s |  59   123182   119839 |  35    98102    94858
    37500    608s |  38   122903   119839 |  27   126294   120729
    38000    617s |  28   121974   119839 |  41   127141   121385
    38500    625s |  28   121769   119839 |  25   112374   106180
    39000    634s |  40   122920   119839 |  53   131728   120821

Search terminated in 634.85s after 39103 iterations.
Best-found solution has cost 119839.

Solution results
================
    # routes: 1
   # clients: 26
   objective: 119839
    distance: 138
    duration: 138
# iterations: 39103
    run-time: 634.85 seconds

Total WP Routes Temperr [°C]:
17.638023
Total All Routes Temperr [°C]:
162.40073
