*** Read File ***
*** Insert Masks ***
*** Point Selection ***
*** VRP Solver (Node number estimation - 60 [s]) ***
Maximum path length [km]:
[43.2, 43.2]
PyVRP v0.10.1

Solving an instance with:
    4 depots
    312 clients
    2 vehicles (2 vehicle types)

                  |       Feasible        |      Infeasible
    Iters    Time |   #      Avg     Best |   #      Avg     Best
      500     14s |   0        -        - |  33 581818370721   120864
H    1000     27s |  33  1319677  1265394 |  41 3942440323923  1002975
H    1500     34s |  55  1275214  1227117 |  49  1068671   985470
H    2000     41s |  38  1253259  1219674 |  57  1034666   975745
H    2500     47s |  36  1249287  1214559 |  65  1024157   968881
H    3000     54s |  49  1250695  1203070 |  32  1004999   968881

Search terminated in 60.00s after 3372 iterations.
Best-found solution has cost 1198513.

Solution results
================
    # routes: 2
   # clients: 59
   objective: 1198513
    distance: 287
    duration: 287
# iterations: 3372
    run-time: 60.00 seconds

*** VRP Solver (Final routes) ***
Maximum path length [km]:
[41.46, 41.46]
PyVRP v0.10.1

Solving an instance with:
    4 depots
    312 clients
    2 vehicles (2 vehicle types)

                  |       Feasible        |      Infeasible
    Iters    Time |   #      Avg     Best |   #      Avg     Best
      500     14s |   0        -        - |  33   123853   120564
H    1000     27s |  35  1331553  1282458 |  41  1158902  1003054
H    1500     36s |  34  1283093  1230626 |  49  1078303   999316
     2000     43s |  64  1292364  1230626 |  57  1054542   997462
     2500     50s |  60  1288484  1230626 |  65  1056508   996234
     3000     57s |  62  1289985  1230626 |  32  1041292   992201
     3500     64s |  36  1275923  1230626 |  40  1029681   991324
H    4000     70s |  38  1266161  1222463 |  48  1166345  1119374
H    4500     74s |  55  1257919  1219484 |  56  1166602  1117164
H    5000     79s |  57  1259529  1213402 |  64  1380013  1217723
H    5500     86s |  41  1260029  1209869 |  53   937123   904637
     6000    100s |  35  1262238  1209869 |  61   971178   917382
     6500    111s |  38  1265330  1209869 |  28   935980   909395
     7000    120s |  52  1279935  1209869 |  36   936551   902619
     7500    130s |  25  1229878  1209869 |  44   931229   895899
     8000    139s |  34  1257978  1209869 |  52   933559   895899
     8500    145s |  29  1243681  1209869 |  54   969414   931257
     9000    151s |  36  1256462  1209869 |  62  1098538  1043367
     9500    155s |  31  1245794  1209869 |  29  1200645  1168394
    10000    159s |  41  1265961  1209869 |  61   994111   944988
    10500    163s |  61  1254343  1209869 |  28  1211449  1194171
H   11000    167s |  41  1260523  1207789 |  61   996091   948287
    11500    174s |  52  1271773  1207789 |  28   972320   948287
    12000    180s |  43  1266301  1207789 |  36   973129   948287
    12500    187s |  58  1277028  1207789 |  44   975712   947819
    13000    194s |  44  1266068  1207789 |  52   977052   947819
    13500    201s |  47  1267389  1207789 |  60   985114   944967
    14000    207s |  45  1255822  1207789 |  27  1105570  1066858
    14500    214s |  61  1272162  1207789 |  35  1089309  1061161
    15000    220s |  32  1240205  1207789 |  43  1104164  1061161
    15500    225s |  51  1256987  1207789 |  51  1116058  1061161
    16000    230s |  43  1257613  1207789 |  59   780005   732899
    16500    237s |  40  1266436  1207789 |  26   981529   952179
    17000    244s |  37  1255347  1207789 |  34   802539   749194
    17500    250s |  39  1270328  1207789 |  42  1002438   956155
    18000    257s |  57  1276589  1207789 |  50  1005331   956155
H   18500    261s |  36  1239124  1207699 |  53  1249604  1202348
    19000    267s |  50  1255154  1207699 |  56  1174855  1107961
H   19500    272s |  42  1253252  1206004 |  55  1180824  1130610
    20000    275s |  42  1232531  1206004 |  44  1225554  1204386
    20500    281s |  47  1262213  1206004 |  36  1040438  1015395
    21000    288s |  55  1264955  1206004 |  44  1059324  1015395
    21500    294s |  41  1254961  1206004 |  52  1057197  1009359
    22000    300s |  38  1258214  1206004 |  53   950172   911009
    22500    307s |  49  1273377  1206004 |  61   942739   911009
    23000    314s |  54  1271412  1206004 |  28   944041   911009
    23500    322s |  48  1269599  1206004 |  36   942732   909596
    24000    329s |  55  1276134  1206004 |  44   943640   909596
    24500    335s |  25  1224450  1206004 |  52  1186571  1149533
    25000    339s |  53  1253230  1206004 |  60  1178450  1148416
    25500    343s |  50  1244541  1206004 |  27  1167826  1148416
    26000    347s |  60  1258054  1206004 |  34  1173156  1144447
    26500    352s |  25  1234598  1206004 |  28  1256745  1206957
    27000    358s |  60  1260095  1206004 |  64  1213972  1186313
    27500    363s |  53  1257995  1206004 |  45  1114187  1068601
H   28000    367s |  32  1238800  1205703 |  63  1022717   956128
    28500    375s |  45  1265785  1205703 |  30  1036692   973149
    29000    382s |  33  1248597  1205703 |  38  1005189   969721
    29500    389s |  32  1242414  1205703 |  46  1014898   965374
    30000    395s |  51  1272640  1205703 |  54  1011084   965374
    30500    402s |  27  1236786  1205703 |  62  1017970   965257
    31000    408s |  35  1255962  1205703 |  29   986284   965257
    31500    415s |  60  1270106  1205703 |  37   998612   965257
    32000    422s |  27  1233855  1205703 |  45  1018871   963814
    32500    428s |  46  1267777  1205703 |  53  1010461   963814
    33000    434s |  57  1262008  1205703 |  61  1164865  1094169
    33500    441s |  63  1279456  1205703 |  56  1053153   997964
    34000    447s |  62  1279805  1205703 |  64  1041729   991854
    34500    454s |  39  1255157  1205703 |  31  1027938   991854
    35000    460s |  33  1246706  1205703 |  39  1033887   990388
    35500    466s |  52  1263932  1205703 |  47  1031500   989413
    36000    472s |  38  1252966  1205703 |  55  1035422   989413
    36500    478s |  37  1250423  1205703 |  63  1036040   989413
    37000    486s |  27  1231648  1205703 |  30   911076   865641
    37500    494s |  65  1266819  1205703 |  38  1191653  1133636
    38000    500s |  58  1277069  1205703 |  29   923622   897131
    38500    506s |  65  1271963  1205703 |  37  1050061  1012828
    39000    510s |  59  1250782  1205703 |  45  1167498  1139485
    39500    516s |  52  1273949  1205703 |  44   942237   911192
    40000    523s |  64  1287533  1205703 |  52   947615   908154
    40500    531s |  37  1253351  1205703 |  60   856731   808926
    41000    538s |  55  1282925  1205703 |  27   937191   913638
    41500    545s |  49  1277684  1205703 |  35   952089   909525
    42000    552s |  62  1283524  1205703 |  43   942652   907291
    42500    560s |  58  1286532  1205703 |  51   946811   907291

Search terminated in 562.81s after 42712 iterations.
Best-found solution has cost 1205703.

Solution results
================
    # routes: 2
   # clients: 57
   objective: 1205703
    distance: 276
    duration: 276
# iterations: 42712
    run-time: 562.81 seconds

Total WP Routes Temperr [°C]:
41.052116
Total All Routes Temperr [°C]:
377.06116
