#FRESNEL OPTIMAL PLANNING - GENERATION DATA 
#TIMESTAMP: 2026-05-24 13:01:00.696058 [UTC]
#AUV_NUMBER: 2
#SPEED: 1  [m/s]
#WP_WAITING_TIME: 1  [m]
#ROUTES SPECS:  waypoints(lat, lon, depth) - length_2d(same depth length) - travel_duration(no wp waiting time) - mission_duration(travel_duration + wp waiting time) -  minimum_depth(min depth along the route)
#length_2D: 36.304 [km] travel_duration: 10 [h] 5 [m] mission_duration: 10 [h] 29 [m] minimum_depth: 53.76719 [m]
 39.57266, -9.292792, 110.0299; 39.564743, -9.279426, 102.51209; 39.5753, -9.268733, 102.35424; 39.5753, -9.252693, 96.040825; 39.57002, -9.242001, 88.52896; 39.580574, -9.231307, 88.06231; 39.58321, -9.217941, 82.770164; 39.593765, -9.204575, 85.66013; 39.580574, -9.204575, 73.94388; 39.577934, -9.191209, 64.970245; 39.58321, -9.180515, 64.78121; 39.593765, -9.175169, 80.787674; 39.593765, -9.161802, 78.65666; 39.580574, -9.161802, 53.926895; 39.564743, -9.196555, 58.638706; 39.57266, -9.220614, 78.473335; 39.562107, -9.225961, 75.91207; 39.55683, -9.239327, 80.91921; 39.562107, -9.25002, 89.267204; 39.55419, -9.276752, 97.46962; 39.54364, -9.276752, 89.77215; 39.541, -9.292792, 94.046074; 39.548916, -9.300812, 102.3958; 39.55419, -9.290119, 102.162224; 39.57266, -9.295465, 110.94491; 39.57266, -9.295119, 110.0299; 
#length_2D: 37.513 [km] travel_duration: 10 [h] 25 [m] mission_duration: 10 [h] 45 [m] minimum_depth: 91.7047 [m]
 39.5753, -9.292792, 110.99918; 39.5753, -9.282099, 107.34845; 39.591125, -9.255366, 107.55205; 39.58849, -9.239327, 96.83506; 39.5964, -9.220614, 91.887085; 39.62806, -9.212595, 158.7179; 39.622784, -9.199228, 137.65063; 39.609592, -9.199228, 100.61967; 39.60168, -9.191209, 92.04216; 39.604317, -9.177842, 98.38442; 39.61487, -9.183188, 116.61913; 39.625423, -9.180515, 140.34113; 39.63334, -9.188536, 162.13379; 39.63334, -9.201901, 169.74365; 39.64389, -9.204575, 204.68958; 39.638615, -9.215268, 195.8492; 39.649166, -9.217941, 249.24768; 39.659718, -9.223288, 314.91718; 39.649166, -9.231307, 275.1626; 39.606956, -9.236654, 107.169945; 39.58321, -9.290119, 114.44795; 39.57704, -9.292203, 110.99918; 
