#FRESNEL OPTIMAL PLANNING - GENERATION DATA 
#TIMESTAMP: 2026-05-20 09:57:06.319468 [UTC]
#AUV_NUMBER: 2
#SPEED: 1  [m/s]
#WP_WAITING_TIME: 1  [m]
#ROUTES SPECS:  waypoints(lat, lon, depth) - length_2d(same depth length) - travel_duration(no wp waiting time) - mission_duration(travel_duration + wp waiting time) -  minimum_depth(min depth along the route)
#length_2D: 37.101 [km] travel_duration: 10 [h] 18 [m] mission_duration: 10 [h] 42 [m] minimum_depth: 109.85004 [m]
 39.57266, -9.292792, 110.0299; 39.58321, -9.306158, 121.61397; 39.593765, -9.322198, 195.50427; 39.58585, -9.332891, 168.6547; 39.580574, -9.346257, 161.71019; 39.591125, -9.3516035, 251.93217; 39.604317, -9.3516035, 373.24387; 39.612232, -9.359624, 472.37784; 39.60168, -9.36497, 406.82697; 39.609592, -9.378337, 558.38556; 39.620148, -9.383683, 610.4315; 39.62806, -9.391703, 644.6958; 39.63334, -9.405069, 624.4207; 39.622784, -9.405069, 650.60406; 39.59904, -9.415762, 681.8381; 39.593765, -9.405069, 575.24713; 39.58321, -9.402396, 477.93973; 39.57266, -9.402396, 419.525; 39.564743, -9.410416, 450.30417; 39.55155, -9.394376, 243.89272; 39.559467, -9.386356, 219.63669; 39.559467, -9.37299, 178.60858; 39.564743, -9.346257, 138.00171; 39.55419, -9.322198, 112.323616; 39.562107, -9.303485, 109.85004; 39.571243, -9.294229, 110.0299; 
#length_2D: 39.165 [km] travel_duration: 10 [h] 52 [m] mission_duration: 11 [h] 13 [m] minimum_depth: 110.99918 [m]
 39.5753, -9.292792, 110.99918; 39.622784, -9.290119, 249.71889; 39.63334, -9.292792, 315.48074; 39.65444, -9.290119, 297.6811; 39.667633, -9.295465, 244.90434; 39.67555, -9.303485, 197.01884; 39.69929, -9.306158, 137.65623; 39.709846, -9.311505, 134.28679; 39.70193, -9.319525, 137.16707; 39.707207, -9.330218, 136.25093; 39.71776, -9.335565, 134.482; 39.71776, -9.3516035, 137.28601; 39.707207, -9.346257, 140.18333; 39.696655, -9.346257, 144.01534; 39.6861, -9.340911, 158.00449; 39.67555, -9.316852, 183.14075; 39.664997, -9.316852, 211.35274; 39.65444, -9.324871, 271.77182; 39.646526, -9.335565, 341.27417; 39.635975, -9.335565, 403.88647; 39.622784, -9.316852, 309.61203; 39.612232, -9.308832, 232.42773; 39.577007, -9.293533, 110.99918; 
