#FRESNEL OPTIMAL PLANNING - GENERATION DATA 
#TIMESTAMP: 2026-05-25 21:33:59.215062 [UTC]
#AUV_NUMBER: 2
#SPEED: 1  [m/s]
#WP_WAITING_TIME: 1  [m]
#ROUTES SPECS:  waypoints(lat, lon, depth) - length_2d(same depth length) - travel_duration(no wp waiting time) - mission_duration(travel_duration + wp waiting time) -  minimum_depth(min depth along the route)
#length_2D: 37.641 [km] travel_duration: 10 [h] 27 [m] mission_duration: 10 [h] 53 [m] minimum_depth: 94.84418 [m]
 39.57266, -9.292792, 110.0299; 39.567383, -9.303485, 111.76999; 39.580574, -9.308832, 120.84726; 39.5753, -9.319525, 127.05723; 39.58321, -9.330218, 147.87352; 39.58321, -9.343584, 167.05566; 39.5964, -9.343584, 274.3446; 39.604317, -9.335565, 304.19208; 39.609592, -9.34893, 408.3902; 39.6307, -9.3516035, 470.64255; 39.635975, -9.362297, 533.78265; 39.63334, -9.375663, 594.45416; 39.622784, -9.38101, 601.66943; 39.612232, -9.38101, 582.49646; 39.606956, -9.3703165, 489.22522; 39.5964, -9.37299, 391.36273; 39.593765, -9.356951, 291.73297; 39.58321, -9.356951, 187.20485; 39.57266, -9.362297, 173.20686; 39.55683, -9.338238, 121.324066; 39.546276, -9.332891, 111.002716; 39.548916, -9.319525, 108.34841; 39.541, -9.308832, 100.00999; 39.55683, -9.292792, 104.214195; 39.54364, -9.290119, 94.84418; 39.55419, -9.276752, 97.46962; 39.564743, -9.279426, 102.51209; 39.571564, -9.290943, 110.0299; 
#length_2D: 37.287 [km] travel_duration: 10 [h] 21 [m] mission_duration: 10 [h] 48 [m] minimum_depth: 105.51094 [m]
 39.5753, -9.292792, 110.99918; 39.591125, -9.284773, 127.53216; 39.591125, -9.298139, 138.9977; 39.60168, -9.306158, 182.29196; 39.606956, -9.295465, 177.09703; 39.62806, -9.279426, 267.637; 39.638615, -9.287446, 336.755; 39.646526, -9.279426, 321.839; 39.64125, -9.268733, 311.42307; 39.6307, -9.263387, 253.21231; 39.62806, -9.25002, 211.38583; 39.64125, -9.247347, 271.31757; 39.646526, -9.236654, 272.85654; 39.65708, -9.239327, 327.04785; 39.65708, -9.225961, 305.48068; 39.649166, -9.217941, 249.24768; 39.64389, -9.204575, 204.68958; 39.638615, -9.215268, 195.8492; 39.638615, -9.228634, 217.1299; 39.62806, -9.231307, 179.3466; 39.620148, -9.239327, 156.56822; 39.606956, -9.258039, 123.92273; 39.620148, -9.260714, 187.0221; 39.61487, -9.271406, 171.21594; 39.60168, -9.279426, 139.77101; 39.5964, -9.268733, 122.22772; 39.58585, -9.271406, 110.58156; 39.5753, -9.279426, 106.43576; 39.5753, -9.290464, 110.99918; 
