*** Read File ***
*** Insert Masks ***
*** Point Selection ***
*** VRP Solver (Node number estimation - 60 [s]) ***
Maximum path length [km]:
[43.2]
PyVRP v0.10.1

Solving an instance with:
    2 depots
    317 clients
    1 vehicle (1 vehicle type)

                  |       Feasible        |      Infeasible
    Iters    Time |   #      Avg     Best |   #      Avg     Best
      500     21s |   0        -        - |  33 247272861449   101591
H    1000     41s |  49  1237654  1184748 |  41  1227882  1029816
     1500     48s |  37  1212135  1184748 |  47  1254705  1185577
     2000     56s |  64  1222168  1184748 |  51   976534   918560

Search terminated in 60.02s after 2221 iterations.
Best-found solution has cost 1184748.

Solution results
================
    # routes: 1
   # clients: 25
   objective: 1184748
    distance: 144
    duration: 144
# iterations: 2221
    run-time: 60.02 seconds

*** VRP Solver (Final routes) ***
Maximum path length [km]:
[41.7]
PyVRP v0.10.1

Solving an instance with:
    2 depots
    317 clients
    1 vehicle (1 vehicle type)

                  |       Feasible        |      Infeasible
    Iters    Time |   #      Avg     Best |   #      Avg     Best
      500     25s |   0        -        - |  33 247272861684   101826
H    1000     46s |  44  1242394  1205428 |  41  1021404   910369
H    1500     54s |  33  1219489  1197308 |  49   957203   904361
     2000     63s |  40  1221316  1197308 |  57   961890   904119
     2500     73s |  42  1221992  1197308 |  65   952873   899997
H    3000     82s |  50  1224507  1194892 |  32   925472   891105
H    3500     92s |  54  1223150  1189428 |  40   932766   890573
     4000    101s |  61  1224179  1189428 |  48   950141   890247
     4500    111s |  37  1218086  1189428 |  56   955369   890247
     5000    120s |  58  1221932  1189428 |  64   946561   885924
H    5500    130s |  31  1211608  1185705 |  31   924325   885794
     6000    139s |  39  1214847  1185705 |  39   949196   885794
     6500    148s |  62  1223448  1185705 |  47   948308   883437
     7000    157s |  60  1225937  1185705 |  55  1089091  1022666
     7500    164s |  33  1209011  1185705 |  62  1094869  1017524
H    8000    171s |  62  1224411  1176009 |  29  1065857  1017524
     8500    178s |  55  1219500  1176009 |  36  1076490  1013249
     9000    185s |  52  1216273  1176009 |  43  1082375  1013249
     9500    192s |  29  1195411  1176009 |  51  1094917  1012832
    10000    204s |  48  1205567  1176009 |  59   994906   902400
    10500    217s |  41  1208102  1176009 |  26   826873   789309
    11000    227s |  62  1218638  1176009 |  34   979900   927774
    11500    235s |  31  1198504  1176009 |  42   995720   915740
    12000    244s |  27  1191468  1176009 |  50   996324   914141
    12500    252s |  60  1219398  1176009 |  58   986985   914141
    13000    261s |  56  1219101  1176009 |  25   935160   909380
    13500    270s |  39  1205655  1176009 |  33   959406   909051
    14000    282s |  47  1207474  1176009 |  41   849918   803181
    14500    295s |  61  1213689  1176009 |  49   844330   794167
    15000    307s |  62  1215375  1176009 |  57   839588   794167
    15500    319s |  31  1199818  1176009 |  65   841432   788713
    16000    331s |  35  1199192  1176009 |  32   854071   811281
    16500    339s |  50  1212370  1176009 |  40  1014703   941200
    17000    347s |  63  1218969  1176009 |  48  1012646   932698
    17500    355s |  51  1216458  1176009 |  56  1004984   932698
    18000    362s |  44  1210437  1176009 |  64  1026301   932698
    18500    369s |  29  1194026  1176009 |  31   971305   932698
    19000    376s |  64  1221099  1176009 |  39  1161234  1086127
H   19500    382s |  46  1206917  1175812 |  47  1156835  1076085
H   20000    388s |  36  1198057  1166567 |  54  1159205  1073649
    20500    394s |  28  1188496  1166567 |  61  1149589  1073649
    21000    401s |  25  1183185  1166567 |  27  1106362  1070772
    21500    406s |  64  1218692  1166567 |  35  1117064  1070772
    22000    412s |  42  1204575  1166567 |  42  1121491  1069449
    22500    418s |  25  1186181  1166567 |  49  1123162  1063967
    23000    426s |  29  1192380  1166567 |  57   881544   840887
    23500    439s |  45  1210403  1166567 |  65   891112   823013
    24000    451s |  50  1212054  1166567 |  32  1001162   938831
    24500    463s |  58  1215349  1166567 |  40   890127   848167
    25000    472s |  35  1202720  1166567 |  48  1057664   972417
    25500    480s |  58  1217398  1166567 |  56  1042906   965537
    26000    491s |  65  1217138  1166567 |  64   925302   848858
    26500    507s |  37  1204799  1166567 |  31   919815   873327
    27000    518s |  42  1206971  1166567 |  39  1066940   992271
    27500    526s |  26  1184840  1166567 |  47  1076253   992271
    28000    534s |  44  1207118  1166567 |  55  1057960   990669
    28500    542s |  55  1215014  1166567 |  63  1067243   990669
    29000    550s |  26  1183989  1166567 |  30  1043288   990669
    29500    560s |  56  1212702  1166567 |  38   788801   745771
    30000    571s |  29  1189554  1166567 |  46   938053   875837
    30500    581s |  29  1189878  1166567 |  54   612888   545302
    31000    592s |  52  1210669  1166567 |  62   972204   898088
    31500    607s |  62  1217556  1166567 |  29   975881   901792
    32000    615s |  61  1213085  1166567 |  35  1108044  1031287
    32500    622s |  38  1199630  1166567 |  43  1084486  1025527
    33000    630s |  61  1210999  1166567 |  51  1093938  1025527
    33500    636s |  39  1202278  1166567 |  59  1109288  1025527
    34000    644s |  63  1214666  1166567 |  26  1051148  1025527
    34500    651s |  44  1207352  1166567 |  34  1071974  1025527

Search terminated in 654.54s after 34628 iterations.
Best-found solution has cost 1166567.

Solution results
================
    # routes: 1
   # clients: 28
   objective: 1166567
    distance: 139
    duration: 139
# iterations: 34628
    run-time: 654.54 seconds

Total WP Routes Temperr [°C]:
16.243061
Total All Routes Temperr [°C]:
148.9106
