*** Read File ***
*** Insert Masks ***
*** Point Selection ***
*** VRP Solver (Node number estimation - 60 [s]) ***
Maximum path length [km]:
[43.2]
PyVRP v0.10.1

Solving an instance with:
    2 depots
    316 clients
    1 vehicle (1 vehicle type)

                  |       Feasible        |      Infeasible
    Iters    Time |   #      Avg     Best |   #      Avg     Best
      500     17s |   0        -        - |  33 203636532365   128016
H    1000     34s |  31  1603563  1568263 |  41  1468592  1327877
H    1500     40s |  43  1578869  1538753 |  49  1528705  1438972
H    2000     45s |  47  1561898  1531065 |  53  1602720  1519978
H    2500     48s |  61  1567101  1522761 |  57  1577695  1519978
     3000     51s |  49  1554615  1522761 |  51  1561712  1519978
H    3500     54s |  27  1541157  1516175 |  42  1575333  1519978
     4000     58s |  46  1549563  1516175 |  37  1561909  1519519

Search terminated in 60.01s after 4366 iterations.
Best-found solution has cost 1516175.

Solution results
================
    # routes: 1
   # clients: 32
   objective: 1516175
    distance: 144
    duration: 144
# iterations: 4366
    run-time: 60.01 seconds

*** VRP Solver (Final routes) ***
Maximum path length [km]:
[41.28]
PyVRP v0.10.1

Solving an instance with:
    2 depots
    316 clients
    1 vehicle (1 vehicle type)

                  |       Feasible        |      Infeasible
    Iters    Time |   #      Avg     Best |   #      Avg     Best
      500     17s |   0        -        - |  33 203636532694   128345
H    1000     34s |  35  1600211  1564500 |  41  1275165  1165422
H    1500     43s |  25  1575570  1558847 |  49  1242526  1156687
H    2000     51s |  63  1592973  1554484 |  57  1366693  1292427
H    2500     60s |  55  1592736  1553721 |  65  1235283  1173849
     3000     68s |  53  1588736  1553721 |  32  1395871  1334589
H    3500     73s |  34  1571354  1549527 |  40  1555141  1465292
H    4000     78s |  50  1580765  1543140 |  48  1543806  1462969
H    4500     82s |  56  1573650  1541080 |  49  1615373  1539719
H    5000     88s |  59  1587347  1539637 |  55  1252551  1193756
     5500     96s |  25  1561295  1539637 |  63  1249893  1193756
     6000    102s |  53  1579809  1539637 |  30  1544649  1497734
H    6500    107s |  53  1578395  1532650 |  38  1538086  1484929
     7000    112s |  48  1575718  1532650 |  46  1561251  1484929
     7500    118s |  32  1568784  1532650 |  51  1264407  1207891
     8000    126s |  41  1573894  1532650 |  59  1268237  1202878
     8500    133s |  29  1561242  1532650 |  26  1223117  1198310
     9000    140s |  47  1576516  1532650 |  34  1405598  1362255
     9500    146s |  51  1580743  1532650 |  42  1405727  1355375
    10000    152s |  46  1576363  1532650 |  50  1419439  1355375
    10500    158s |  59  1581655  1532650 |  58  1417866  1355375
    11000    164s |  26  1554056  1532650 |  64  1288234  1225292
    11500    171s |  36  1571410  1532650 |  31  1259671  1223119
    12000    179s |  44  1575250  1532650 |  39  1265898  1216890
    12500    186s |  54  1582729  1532650 |  47  1260992  1216890
    13000    194s |  51  1582737  1532650 |  55 142364907014  1216890
    13500    202s |  52  1582969  1532650 |  63  1270432  1216890
    14000    209s |  45  1572920  1532650 |  30  1451075  1365381
    14500    215s |  45  1574539  1532650 |  38  1590132  1510683
    15000    219s |  55  1575039  1532650 |  46  1564717  1510683
    15500    223s |  30  1557905  1532650 |  53  1577053  1503041
    16000    227s |  38  1564453  1532650 |  53  1601679  1536502
    16500    230s |  64  1570745  1532650 |  53  1581830  1532125
    17000    235s |  49  1578887  1532650 |  58  1468093  1400280
    17500    241s |  55  1574788  1532650 |  25  1574146  1518664
H   18000    245s |  43  1573944  1532153 |  33  1566406  1511338
    18500    249s |  46  1571726  1532153 |  41  1566949  1502931
    19000    254s |  32  1558750  1532153 |  49  1557445  1499741
    19500    260s |  38  1570101  1532153 |  57  1315590  1247061
    20000    267s |  27  1553936  1532153 |  65  1328348  1247061
    20500    274s |  45  1576029  1532153 |  32  1281731  1246647
    21000    280s |  38  1571578  1532153 |  40  1472282  1404172
    21500    285s |  42  1571158  1532153 |  48  1488973  1404172
    22000    291s |  62  1579904  1532153 |  56  1476501  1402244
    22500    297s |  44  1572255  1532153 |  64  1479827  1402244
    23000    302s |  32  1560918  1532153 |  31  1448329  1402244
    23500    308s |  45  1570360  1532153 |  39  1452314  1402244
    24000    313s |  50  1574969  1532153 |  47  1459604  1401808
    24500    321s |  60  1584437  1532153 |  55  1342355  1267909
    25000    328s |  48  1573271  1532153 |  63  1344364  1261973
    25500    335s |  40  1572044  1532153 |  30  1492519  1425677
    26000    340s |  45  1569382  1532153 |  38  1582433  1531749
    26500    346s |  50  1576787  1532153 |  46  1339023  1271589
    27000    353s |  51  1574253  1532153 |  54  1344749  1271589
    27500    360s |  64  1583687  1532153 |  62  1337638  1271589
    28000    366s |  26  1550178  1532153 |  29  1650417  1539262
    28500    369s |  46  1559357  1532153 |  65  1609858  1532813
    29000    372s |  27  1549659  1532153 |  48  1238043  1197973
    29500    379s |  57  1578144  1532153 |  56  1366919  1309937
    30000    385s |  45  1573859  1532153 |  64  1696730  1564046
    30500    388s |  32  1548208  1532153 |  27  1557133  1528243
H   31000    392s |  59  1566982  1530243 |  30  1571340  1527427
    31500    395s |  47  1565910  1530243 |  34  1571716  1527427
    32000    398s |  56  1566485  1530243 |  32  1598501  1528549
    32500    405s |  49  1570112  1530243 |  40  1380137  1330382
    33000    409s |  57  1571317  1530243 |  44  1593955  1530310
    33500    412s |  63  1568691  1530243 |  49  1570710  1529819
    34000    418s |  41  1562532  1530243 |  53  1588047  1496295
    34500    423s |  41  1560856  1530243 |  58  1597811  1533286
    35000    426s |  55  1569324  1530243 |  63  1592440  1533286
    35500    429s |  49  1563247  1530243 |  63  1595770  1533286
    36000    435s |  28  1547181  1530243 |  27  1242933  1201605
    36500    442s |  26  1544612  1530243 |  35  1412324  1357576
    37000    449s |  27  1545780  1530243 |  43  1401484  1352087
    37500    455s |  45  1567402  1530243 |  51  1576901  1513520
H   38000    460s |  56  1574372  1529300 |  58  1578789  1496799
    38500    465s |  27  1547105  1529300 |  65  1563443  1486280
    39000    470s |  60  1576289  1529300 |  32  1545957  1486280
    39500    475s |  29  1552910  1529300 |  40  1544898  1469596
    40000    480s |  60  1573625  1529300 |  46  1525289  1469596
    40500    484s |  32  1553620  1529300 |  53  1525432  1463035
    41000    489s |  60  1571973  1529300 |  61  1525003  1463035
    41500    493s |  31  1547107  1529300 |  27  1502511  1463035
    42000    497s |  58  1578084  1529300 |  32  1493895  1463035
    42500    502s |  65  1580991  1529300 |  38  1516524  1463035
    43000    506s |  38  1559665  1529300 |  46  1516971  1463035
    43500    516s |  36  1557867  1529300 |  52  1339990  1232465
    44000    522s |  60  1574538  1529300 |  60  1462224  1380358
    44500    527s |  49  1562870  1529300 |  26  1669991  1541132
    45000    530s |  29  1549487  1529300 |  26  1302720  1251239
    45500    537s |  56  1571221  1529300 |  34  1446990  1396441
    46000    542s |  43  1563613  1529300 |  40  1587823  1512390
    46500    546s |  28  1544818  1529300 |  45  1580277  1512390
    47000    549s |  41  1552975  1529300 |  38  1582439  1530213
    47500    555s |  38  1561959  1529300 |  27   999082   962522
    48000    562s |  52  1571199  1529300 |  35  1534583  1425688
    48500    566s |  58  1567540  1529300 |  34  1630841  1536571
H   49000    569s |  52  1556523  1527803 |  65  1605856  1530760
    49500    576s |  42  1566518  1527803 |  29  1329252  1294562
    50000    582s |  31  1552434  1527803 |  37  1347009  1294562
    50500    587s |  53  1569300  1527803 |  43  1592677  1530913
    51000    593s |  31  1553028  1527803 |  50  1204306  1165652
    51500    600s |  29  1550000  1527803 |  58  1356102  1293427
    52000    606s |  58  1578287  1527803 |  25  1322777  1289392
    52500    613s |  43  1572601  1527803 |  33  1344219  1289392
    53000    619s |  62  1582074  1527803 |  41  1518632  1464171
    53500    626s |  54  1576574  1527803 |  47  1578187  1496756
    54000    631s |  35  1554360  1527803 |  52  1609136  1527797
    54500    637s |  37  1564660  1527803 |  60  1402435  1344161
    55000    645s |  49  1573106  1527803 |  27  1507081  1471700
    55500    650s |  63  1574471  1527803 |  34  1513312  1469968
    56000    655s |  28  1551024  1527803 |  42  1528155  1468273
    56500    659s |  56  1578306  1527803 |  49  1516649  1467688
    57000    664s |  45  1567326  1527803 |  57  1523596  1467688
    57500    668s |  51  1572631  1527803 |  65  1528266  1467688
    58000    673s |  65  1580563  1527803 |  32  1505149  1463753
    58500    678s |  33  1556674  1527803 |  39  1504241  1463753
    59000    684s |  63  1580192  1527803 |  46  1270934  1205389
    59500    690s |  56  1572850  1527803 |  54  1578781  1508449
    60000    695s |  54  1573475  1527803 |  60  1574713  1488788
    60500    700s |  58  1578805  1527803 |  27  1553429  1486008
    61000    705s |  36  1561856  1527803 |  35  1536828  1486008
    61500    709s |  40  1555744  1527803 |  35  1593784  1526203
    62000    712s |  63  1569971  1527803 |  32  1572751  1526203
    62500    719s |  28  1546127  1527803 |  37  1273212  1217627
    63000    724s |  39  1560156  1527803 |  44  1573261  1508596
    63500    728s |  51  1562923  1527803 |  49  1599556  1534544
H   64000    731s |  34  1551328  1525746 |  47  1576411  1528131
    64500    734s |  47  1563164  1525746 |  47  1578271  1528131
    65000    739s |  56  1578190  1525746 |  50  1292482  1245609
    65500    746s |  47  1573823  1525746 |  58  1452460  1384737
    66000    752s |  41  1572990  1525746 |  25  1415501  1384737
    66500    757s |  25  1536577  1525746 |  32  1568364  1507833
    67000    761s |  30  1547306  1525746 |  37  1641413  1534190
    67500    767s |  58  1577446  1525746 |  41  1462171  1397278
    68000    772s |  63  1573289  1525746 |  49  1583007  1523722
    68500    777s |  26  1540782  1525746 |  56  1578521  1507754
    69000    781s |  38  1558102  1525746 |  62  1567230  1506011
    69500    785s |  59  1559664  1525746 |  57  1611046  1531095
    70000    790s |  26  1542271  1525746 |  60  1335746  1272922
    70500    796s |  31  1551399  1525746 |  27  1451170  1405217
    71000    802s |  41  1562358  1525746 |  35  1450819  1399572
    71500    806s |  47  1564382  1525746 |  40  1585308  1526922
    72000    810s |  52  1569966  1525746 |  48  1567147  1511479
    72500    814s |  65  1572477  1525746 |  55  1572490  1511479
    73000    818s |  48  1559960  1525746 |  62  1572932  1511479
    73500    822s |  35  1556017  1525746 |  27  1553304  1511479
    74000    826s |  61  1572088  1525746 |  35  1546793  1511479
    74500    830s |  40  1554609  1525746 |  42  1559754  1504973
    75000    834s |  65  1570548  1525746 |  48  1563885  1504973
    75500    838s |  58  1567577  1525746 |  54  1571782  1504973
    76000    842s |  43  1561001  1525746 |  61  1562418  1504973
    76500    846s |  26  1537068  1525746 |  65  1569779  1504973
    77000    850s |  48  1562890  1525746 |  30  1545962  1504973
    77500    854s |  49  1565348  1525746 |  34  1619610  1536814
    78000    859s |  57  1570396  1525746 |  25  1187124  1134270
    78500    864s |  27  1541999  1525746 |  29  1604874  1526316

Search terminated in 865.54s after 78638 iterations.
Best-found solution has cost 1525746.

Solution results
================
    # routes: 1
   # clients: 30
   objective: 1525746
    distance: 137
    duration: 137
# iterations: 78638
    run-time: 865.54 seconds

Total WP Routes Temperr [°C]:
23.183409
Total All Routes Temperr [°C]:
198.12682
