*** Read File ***
*** Insert Masks ***
*** Point Selection ***
*** VRP Solver (Node number estimation - 60 [s]) ***
Maximum path length [km]:
[43.2]
PyVRP v0.10.1

Solving an instance with:
    2 depots
    24 clients
    1 vehicle (1 vehicle type)

                  |       Feasible        |      Infeasible
    Iters    Time |   #      Avg     Best |   #      Avg     Best
H     500      1s |  14     9141     9141 |  33 116363643102     4656
     1000      3s |  26    10989     9141 |  30 63000004469     2682
     1500      4s |  55    11670     9141 |  55 109454554787     8196
     2000      6s |  39    10296     9141 |  48 70000006529     4656
     2500      8s |  48    10747     9141 |  48 125416676127     8196
     3000     10s |  34    11525     9141 |  32 188125009757     8196
     3500     12s |  30    11176     9141 |  54 111481490896     8196
     4000     14s |  40    10492     9141 |  47 95319156540     6160
     4500     16s |  52    11431     9141 |  33 182424252228     8196
     5000     18s |  27    10735     9141 |  54 82962970813     6160
     5500     19s |  51    11339     9141 |  43 43953492302     2682
     6000     20s |  57    11336     9141 |  25 240800010109     8196
     6500     22s |  38    11722     9141 |  55 109454554817     8196
     7000     24s |  51    11966     9141 |  44 136818191280     8196
     7500     25s |  27    10809     9141 |  31 194193558301     8196
     8000     27s |  61    11356     9141 |  56 107500009439     8228
     8500     28s |  61    11339     9141 |  26 72692312060     2682
     9000     29s |  55    11761     9141 |  64 94062509289     8196
     9500     31s |  30    11076     9141 |  56 33750004376     2682
    10000     32s |  26    10911     9141 |  46 54782613404     3528
    10500     33s |  50    11463     9141 |  29 65172419090     2682
    11000     35s |  35    11085     9141 |  56 80000007557     6160
    11500     36s |  59    10532     9141 |  46 97391312270     6160
    12000     37s |  51    11319     9141 |  33 182424252192     8196
    12500     39s |  51    11692     9141 |  63 30000004241     2682
    13000     40s |  35    10828     9141 |  62 54193554888     4656
    13500     41s |  55    10724     9141 |  52 86153853872     6160
    14000     42s |  57    11476     9141 |  39 48461542973     2682
    14500     43s |  34    10495     9141 |  30 84000005150     3528
    15000     45s |  57    10704     9141 |  25 134400006714     4656
    15500     46s |  42    11428     9141 |  59 32033902717     2682
    16000     47s |  58    11022     9141 |  54 46666672588     3528
    16500     48s |  32    11424     9141 |  48 125416676139     8228
    17000     49s |  38    10879     9141 |  30 149333341354     6160
    17500     50s |  42    11547     9141 |  63 95555564824     8196
    18000     52s |  34    10701     9141 |  54 46666671176     3528
    18500     54s |  36    10420     9141 |  43 58604656861     3528
    19000     56s |  60    11259     9141 |  40 150500009611     8196
    19500     58s |  54    11346     9141 |  32 59062504202     2682

Search terminated in 60.00s after 19870 iterations.
Best-found solution has cost 9141.

Solution results
================
    # routes: 1
   # clients: 15
   objective: 9141
    distance: 141
    duration: 141
# iterations: 19870
    run-time: 60.00 seconds

*** VRP Solver (Final routes) ***
Maximum path length [km]:
[42.3]
PyVRP v0.10.1

Solving an instance with:
    2 depots
    24 clients
    1 vehicle (1 vehicle type)

                  |       Feasible        |      Infeasible
    Iters    Time |   #      Avg     Best |   #      Avg     Best
H     500      2s |  20     9341     9141 |  33 160000007229     4797
     1000      3s |  39    10884     9141 |  59 65084752583     4797
     1500      5s |  43    11419     9141 |  45 18000004553     2760
     2000      7s |  34    10964     9141 |  65 16615389609     3633
     2500      8s |  28    11212     9141 |  60 13500004866     2760
     3000     10s |  45    10852     9141 |  58 24827592635     4797
     3500     11s |  64    11484     9141 |  46 56086966101     8451
     4000     13s |  53    10857     9141 |  35 41142863789     4797
     4500     14s |  52    11756     9141 |  63 40952390324     8451
     5000     15s |  52    11890     9141 |  45 18000003887     2760
     5500     17s |  42    11545     9141 |  45 57333342891     8451
     6000     18s |  27    11584     9141 |  39 36923083468     4797
     6500     19s |  35    11112     9141 |  26 31153850403     2760
     7000     21s |  63    10728     9141 |  58 33103456311     6349
     7500     22s |  46    11618     9141 |  41 19756102475     2760
     8000     23s |  38    10982     9141 |  62 17419359786     3633
     8500     25s |  44    11299     9141 |  51 50588244815     8483
     9000     26s |  60    11123     9141 |  34 75882362675     8451
     9500     28s |  43    10954     9141 |  53 20377363350     3633
    10000     29s |  27    11251     9141 |  44 43636371386     6349
    10500     30s |  63    11902     9141 |  26 31153851078     2760
    11000     32s |  58    10727     9141 |  63 22857149275     4797
    11500     33s |  62    10947     9141 |  47 40851071817     6349
    12000     34s |  45    10718     9141 |  35 41142863943     4797
    12500     36s |  35    11083     9141 |  64 12656254387     2760
    13000     37s |  53    10914     9141 |  55 34909098646     6349
    13500     38s |  33    11383     9141 |  42 25714290608     3633
    14000     39s |  35    11654     9141 |  33 78181827944     8451
    14500     41s |  62    11060     9141 |  26 41538466676     3633
    15000     43s |  59    11073     9141 |  62 41612912657     8451

Search terminated in 44.96s after 15322 iterations.
Best-found solution has cost 9141.

Solution results
================
    # routes: 1
   # clients: 15
   objective: 9141
    distance: 141
    duration: 141
# iterations: 15322
    run-time: 44.96 seconds

Total WP Routes Temperr [°C]:
15.0
Total All Routes Temperr [°C]:
183.0
