*** Read File ***
*** Insert Masks ***
*** Point Selection ***
*** VRP Solver (Node number estimation - 60 [s]) ***
Maximum path length [km]:
[43.2]
PyVRP v0.10.1

Solving an instance with:
    2 depots
    317 clients
    1 vehicle (1 vehicle type)

                  |       Feasible        |      Infeasible
    Iters    Time |   #      Avg     Best |   #      Avg     Best
      500     43s |   0        -        - |  33 436363762086    97902
H    1000     54s |  35   143479   141326 |  37   149844   141356

Search terminated in 60.04s after 1134 iterations.
Best-found solution has cost 141172.

Solution results
================
    # routes: 1
   # clients: 28
   objective: 141172
    distance: 142
    duration: 142
# iterations: 1134
    run-time: 60.04 seconds

*** VRP Solver (Final routes) ***
Maximum path length [km]:
[41.52]
PyVRP v0.10.1

Solving an instance with:
    2 depots
    317 clients
    1 vehicle (1 vehicle type)

                  |       Feasible        |      Infeasible
    Iters    Time |   #      Avg     Best |   #      Avg     Best
      500     44s |   0        -        - |  33 436363762368    98184
H    1000     56s |  32   143786   141656 |  60   148096   141773
H    1500     66s |  33   144359   141415 |  53   124147   118076
     2000     76s |  45   145151   141415 |  37   112049   105790
H    2500     87s |  30   143850   141383 |  27   111155   106221
     3000     93s |  51   144526   141383 |  28   143503   141390
     3500    104s |  30   144468   141383 |  64   128657   121779
     4000    112s |  36   143592   141383 |  60   147561   141524
H    4500    116s |  38   143632   141267 |  44   145628   141362
     5000    123s |  59   143690   141267 |  63   150044   141247
     5500    131s |  41   144520   141267 |  54   118081   112564
     6000    140s |  53   144148   141267 |  37   158469   142713
     6500    152s |  30   143411   141267 |  29   151259   141936
     7000    158s |  58   143992   141267 |  65   148334   141531
     7500    168s |  28   143224   141267 |  65   127309   106825
     8000    181s |  54   145596   141267 |  64   128022   119953
     8500    188s |  62   144363   141267 |  59   146560   141122
H    9000    201s |  32   142891   141129 |  51   147860   141693
H    9500    207s |  35   143162   140953 |  49   146055   140837
    10000    212s |  64   143734   140953 |  39   146910   140837
    10500    225s |  30   143455   140953 |  28   114842   109772
    11000    234s |  37   143592   140953 |  60   149529   141166
H   11500    242s |  32   143021   140867 |  32   146977   140923
    12000    255s |  43   143334   140867 |  54   127050   102455
    12500    265s |  51   144723   140867 |  42   151185   141903
    13000    272s |  49   143091   140867 |  46   147301   141377
    13500    283s |  57   143718   140867 |  30   149115   141301
    14000    290s |  59   144251   140867 |  64   146308   140978
    14500    298s |  28   142461   140867 |  28   149756   141841
    15000    309s |  34   142989   140867 |  63   146167   141157
    15500    318s |  59   144280   140867 |  61   129950   109692
    16000    327s |  37   143271   140867 |  50   146625   140970
    16500    335s |  59   143461   140867 |  45   145943   141481
    17000    343s |  55   145881   140867 |  31   119614   114591
H   17500    354s |  37   143462   140816 |  62   157585   141709
    18000    361s |  44   144317   140816 |  47   145899   141122
    18500    370s |  26   143047   140816 |  49   155947   141849
    19000    380s |  62   144344   140816 |  40   145476   140864
    19500    386s |  40   144364   140816 |  42   152133   141752
    20000    396s |  63   145051   140816 |  37   128963   121670
H   20500    404s |  40   143396   140754 |  27   154444   141604
    21000    408s |  43   143399   140754 |  52   145097   140924
    21500    416s |  35   142902   140754 |  65   149407   141287
    22000    423s |  64   144648   140754 |  30   154254   141071
    22500    428s |  27   142474   140754 |  41   118288   112540
    23000    436s |  28   142809   140754 |  27   134382   128736
    23500    445s |  25   142289   140754 |  48   121657   115678
    24000    452s |  56   143566   140754 |  36   145491   141338
    24500    462s |  43   143233   140754 |  49   150070   141993
    25000    470s |  32   143168   140754 |  37   147793   140981
    25500    474s |  44   143220   140754 |  34   145104   140877
    26000    478s |  51   143360   140754 |  58   153401   140686
    26500    489s |  28   141948   140754 |  45   144265   140916
    27000    499s |  51   143849   140754 |  34   120424   108727
    27500    511s |  28   142179   140754 |  33   147222   141632
    28000    527s |  35   143494   140754 |  33   118226   110219
    28500    540s |  65   144936   140754 |  34   132959   126555
    29000    553s |  39   143499   140754 |  34   152401   142384
    29500    560s |  50   144817   140754 |  53   123755   117403
    30000    571s |  40   143794   140754 |  46   141521   134328
    30500    580s |  40   144036   140754 |  40   125600   118590
H   31000    595s |  42   143718   140671 |  39   112992   107713
    31500    603s |  34   143310   140671 |  58   151197   141041
    32000    612s |  53   144660   140671 |  43   129956   124497
    32500    622s |  41   143722   140671 |  25   147251   141573
    33000    630s |  35   143015   140671 |  25   151408   141412
    33500    640s |  63   143457   140671 |  29   147651   141036
    34000    647s |  61   144032   140671 |  44   145490   140904
    34500    652s |  47   143451   140671 |  43   150200   140958
    35000    665s |  42   143811   140671 |  60   141495   133703
    35500    674s |  31   142792   140671 |  50   153261   141778
    36000    683s |  25   141674   140671 |  31   131748   122045
    36500    696s |  35   142677   140671 |  61   148295   141319
    37000    707s |  32   142262   140671 |  62   161800   141483
    37500    719s |  26   141826   140671 |  40   150485   141356
    38000    728s |  39   142858   140671 |  62   149474   141129
    38500    736s |  52   143364   140671 |  48   150087   141292
    39000    747s |  31   142907   140671 |  55   108307   103981
    39500    753s |  58   143495   140671 |  42   148737   141322
    40000    762s |  58   143839   140671 |  63   145349   140949
    40500    776s |  34   142942   140671 |  65   150206   141591
    41000    782s |  26   142186   140671 |  59   116344   107770
    41500    797s |  44   143557   140671 |  39   150044   142070
    42000    805s |  43   143099   140671 |  64   147505   140991
    42500    816s |  26   141848   140671 |  56   158270   142574
    43000    827s |  59   143784   140671 |  57   160313   141282
    43500    834s |  28   142442   140671 |  36   146281   141071
    44000    839s |  35   142447   140671 |  48   129657    99841
    44500    849s |  40   142818   140671 |  35   144866   141147
    45000    864s |  25   141577   140671 |  30   120196   115520
    45500    871s |  54   143122   140671 |  30   143790   140988

Search terminated in 871.99s after 45571 iterations.
Best-found solution has cost 140671.

Solution results
================
    # routes: 1
   # clients: 29
   objective: 140671
    distance: 138
    duration: 138
# iterations: 45571
    run-time: 871.99 seconds

Total WP Routes Temperr [°C]:
19.31187
Total All Routes Temperr [°C]:
152.2283
