*** Read File ***
*** Insert Masks ***
*** Point Selection ***
*** VRP Solver (Node number estimation - 60 [s]) ***
Maximum path length [km]:
[43.2]
PyVRP v0.10.1

Solving an instance with:
    2 depots
    314 clients
    1 vehicle (1 vehicle type)

                  |       Feasible        |      Infeasible
    Iters    Time |   #      Avg     Best |   #      Avg     Best
      500     39s |   0        -        - |  33 232727455890   147744

Search terminated in 60.04s after 743 iterations.
Best-found solution has cost inf.

Solution results
================
    # routes: 1
   # clients: 163
   objective: INFEASIBLE
    distance: 290000006578
    duration: 290000006578
# iterations: 743
    run-time: 60.04 seconds

*** VRP Solver (Final routes) ***
Maximum path length [km]:
[33.42]
PyVRP v0.10.1

Solving an instance with:
    2 depots
    314 clients
    1 vehicle (1 vehicle type)

                  |       Feasible        |      Infeasible
    Iters    Time |   #      Avg     Best |   #      Avg     Best
      500     37s |   0        -        - |  33 232727457441   149295
H    1000     69s |  26  1261042  1248367 |  41  1086797   999451
H    1500     83s |  58  1265665  1243549 |  49  1295105  1185233
H    2000     93s |  64  1265025  1242578 |  57  1228921  1178203
     2500    104s |  37  1261229  1242578 |  65  1213210  1165994
H    3000    115s |  61  1262639  1236528 |  32  1198687  1165173
     3500    123s |  39  1259986  1236528 |  40  1283580  1229171
     4000    133s |  62  1259470  1236528 |  47  1258927  1227808
     4500    143s |  61  1260120  1236528 |  54  1019542   986717
     5000    157s |  46  1260075  1236528 |  62  1018344   977960
     5500    170s |  39  1254158  1236528 |  29   996434   977960
H    6000    184s |  25  1248913  1234966 |  37  1013510   977366
     6500    197s |  34  1254734  1234966 |  45  1020380   977366
     7000    208s |  47  1260009  1234966 |  53  1253429  1178995
     7500    220s |  62  1263944  1234966 |  61  1234887  1178811
     8000    228s |  35  1252645  1234966 |  27  1263469  1230017
     8500    234s |  44  1253277  1234966 |  34  1258203  1226258
     9000    243s |  52  1257192  1234966 |  40  1251945  1226258
H    9500    249s |  64  1257293  1233642 |  42  1288913  1237967
    10000    258s |  33  1250138  1233642 |  46  1026114  1003595
    10500    276s |  47  1262351  1233642 |  54   758513   714224
    11000    292s |  34  1254163  1233642 |  62  1072249  1018604
    11500    303s |  57  1261044  1233642 |  29  1061989  1003478
    12000    320s |  53  1258963  1233642 |  37  1098284  1034173
    12500    332s |  28  1249697  1233642 |  45  1068054  1017872
    13000    344s |  32  1249219  1233642 |  53  1055971  1010733
    13500    360s |  27  1247221  1233642 |  61  1086167  1029044
    14000    370s |  61  1264065  1233642 |  28  1057590  1025218
    14500    386s |  64  1263303  1233642 |  36  1178155  1132858
    15000    396s |  39  1254618  1233642 |  44  1166575  1125430
    15500    408s |  58  1262587  1233642 |  52  1274801  1224843
    16000    415s |  30  1251558  1233642 |  59  1266830  1220164
    16500    425s |  57  1264959  1233642 |  26  1246750  1211762
    17000    433s |  26  1246974  1233642 |  34  1246387  1211762
    17500    445s |  27  1248620  1233642 |  42  1081319  1042764
    18000    460s |  34  1253380  1233642 |  50  1169665  1072336
    18500    474s |  55  1260112  1233642 |  58  1133057  1062518
    19000    484s |  35  1254044  1233642 |  25  1096183  1057012
    19500    498s |  63  1262815  1233642 |  33  1085584  1049137
    20000    509s |  33  1256435  1233642 |  41  1093789  1049137
    20500    522s |  43  1259787  1233642 |  49  1224511  1162814
    21000    532s |  29  1252457  1233642 |  57  1221786  1156766
    21500    544s |  52  1261208  1233642 |  65  1202525  1153986
    22000    553s |  60  1257886  1233642 |  32  1288315  1232693
H   22500    561s |  47  1256317  1232950 |  39  1276891  1223474
    23000    570s |  58  1257784  1232950 |  47  1284162  1223474
    23500    577s |  31  1249058  1232950 |  54  1278565  1223068
    24000    588s |  48  1259562  1232950 |  60  1123902  1057141
    24500    601s |  60  1263031  1232950 |  27   828350   793002
    25000    617s |  40  1253402  1232950 |  35  1011913   979812
    25500    630s |  41  1254100  1232950 |  43  1018112   971950
    26000    645s |  27  1245405  1232950 |  51  1018075   970989
    26500    659s |  40  1249750  1232950 |  59  1025150   970989
    27000    671s |  65  1261292  1232950 |  26  1001032   970989
    27500    686s |  45  1257411  1232950 |  34  1004415   970716
    28000    700s |  55  1258565  1232950 |  42   840710   797469
    28500    715s |  34  1249097  1232950 |  50  1045914   998854
    29000    728s |  43  1256747  1232950 |  58  1036690   986922
    29500    740s |  47  1258689  1232950 |  25  1009637   984749
    30000    754s |  52  1259612  1232950 |  33  1133656  1094327
    30500    764s |  52  1260538  1232950 |  41  1142312  1083950
    31000    777s |  61  1262550  1232950 |  49  1213079  1179687
    31500    785s |  51  1254953  1232950 |  57  1210571  1179687
    32000    795s |  59  1259413  1232950 |  65  1218188  1175576
    32500    805s |  28  1246912  1232950 |  32  1201763  1172325
    33000    812s |  40  1256038  1232950 |  40  1210398  1172325
    33500    824s |  56  1258779  1232950 |  48  1203430  1172325
    34000    832s |  39  1252942  1232950 |  56  1206575  1172325
    34500    842s |  29  1247764  1232950 |  64  1210493  1172325
    35000    852s |  40  1252374  1232950 |  31  1184300  1172325
    35500    859s |  52  1260101  1232950 |  38  1203953  1172325
    36000    870s |  31  1249409  1232950 |  46  1194244  1172325
    36500    877s |  54  1261179  1232950 |  54  1212802  1172145
    37000    895s |  39  1253157  1232950 |  62   876831   824243

Search terminated in 896.53s after 37066 iterations.
Best-found solution has cost 1232950.

Solution results
================
    # routes: 1
   # clients: 19
   objective: 1232950
    distance: 111
    duration: 111
# iterations: 37066
    run-time: 896.53 seconds

Total WP Routes Temperr [°C]:
13.138075
Total All Routes Temperr [°C]:
127.75686
