*** Read File ***
*** Insert Masks ***
*** Point Selection ***
*** VRP Solver (Node number estimation - 60 [s]) ***
Maximum path length [km]:
[43.2]
PyVRP v0.10.1

Solving an instance with:
    2 depots
    268 clients
    1 vehicle (1 vehicle type)

                  |       Feasible        |      Infeasible
    Iters    Time |   #      Avg     Best |   #      Avg     Best
      500     24s |   0        -        - |  33    42734    35198
H    1000     32s |  30    66229    62779 |  32    66310    62820
H    1500     38s |  41    66720    62693 |  25    46498    41226
     2000     44s |  38    66686    62693 |  27    63845    57594
     2500     49s |  32    65128    62693 |  63    66197    62721
     3000     54s |  27    65223    62693 |  57    68586    62988
H    3500     58s |  62    66532    62674 |  46    65090    62527

Search terminated in 60.00s after 3769 iterations.
Best-found solution has cost 62674.

Solution results
================
    # routes: 1
   # clients: 25
   objective: 62674
    distance: 144
    duration: 144
# iterations: 3769
    run-time: 60.00 seconds

*** VRP Solver (Final routes) ***
Maximum path length [km]:
[41.7]
PyVRP v0.10.1

Solving an instance with:
    2 depots
    268 clients
    1 vehicle (1 vehicle type)

                  |       Feasible        |      Infeasible
    Iters    Time |   #      Avg     Best |   #      Avg     Best
      500     24s |   0        -        - |  33    42969    35433
H    1000     34s |  52    68464    64117 |  33    63634    57577
     1500     40s |  60    67676    64117 |  37    73096    63758
H    2000     46s |  25    65706    63909 |  60    67040    58395
H    2500     53s |  62    68219    63667 |  54    78723    64179
     3000     58s |  40    67732    63667 |  39    55685    50626
     3500     66s |  64    67384    63667 |  29    43887    38888
     4000     70s |  38    66640    63667 |  49    67561    63734
     4500     76s |  63    67560    63667 |  40    72506    64420
     5000     82s |  56    67883    63667 |  65    52924    40701
     5500     92s |  36    67649    63667 |  64    64228    55621
     6000    100s |  49    67987    63667 |  59    53285    47342
H    6500    107s |  31    66039    63427 |  63    66982    63276
     7000    113s |  42    66940    63427 |  54    63796    57545
     7500    118s |  44    66564    63427 |  43    69952    63378
     8000    125s |  60    68099    63427 |  39    65429    57559
     8500    131s |  64    68688    63427 |  61    48543    44041
     9000    137s |  56    67008    63427 |  39    44305    38941
     9500    143s |  37    66869    63427 |  40    67515    62707
    10000    149s |  36    67436    63427 |  25    69427    62761
    10500    155s |  42    67542    63427 |  58    59621    55134
    11000    165s |  32    66580    63427 |  60    61284    55812
    11500    173s |  49    67915    63427 |  47    45414    41484
    12000    180s |  40    66158    63427 |  34    69635    64113
    12500    187s |  55    68119    63427 |  56    55017    49986
    13000    192s |  62    66653    63427 |  65    62557    44160
    13500    198s |  60    68741    63427 |  55    65806    60643
    14000    203s |  41    67421    63427 |  62    67224    60654
    14500    209s |  39    67071    63427 |  45    50992    45290
    15000    215s |  47    67210    63427 |  31    51026    46079
    15500    221s |  34    66043    63427 |  31    50445    46474
    16000    226s |  29    65763    63427 |  56    67757    63201
    16500    233s |  26    64981    63427 |  47    65419    63116
    17000    241s |  41    66889    63427 |  41    62111    55894
    17500    248s |  34    66559    63427 |  31    69562    63510
    18000    255s |  56    66953    63427 |  29    67080    63684
H   18500    259s |  37    66694    63344 |  51    67031    63640
    19000    265s |  31    65287    63344 |  41    66651    58742
    19500    271s |  59    68066    63344 |  27    53813    50757
    20000    277s |  33    65823    63344 |  55    47913    43842
    20500    283s |  39    66757    63344 |  49    57186    51869
    21000    288s |  37    66151    63344 |  30    66620    61416
    21500    294s |  41    66709    63344 |  46    58187    53728
    22000    301s |  35    66428    63344 |  27    45071    40801
    22500    310s |  42    66921    63344 |  29    66538    63199
    23000    317s |  59    67939    63344 |  52    44036    41238
    23500    324s |  34    65288    63344 |  42    41020    36994
    24000    330s |  42    66822    63344 |  34    53151    49048
    24500    337s |  38    66530    63344 |  25    64686    57894
    25000    343s |  48    66669    63344 |  58    65770    60009
    25500    349s |  62    67533    63344 |  42    43768    38733
    26000    355s |  52    66570    63344 |  40    70041    64059
    26500    360s |  58    66521    63344 |  64    70346    63814
    27000    367s |  52    66843    63344 |  62    66263    61580
    27500    373s |  55    67479    63344 |  55    60654    53636
    28000    381s |  27    64945    63344 |  32    44670    40511
    28500    391s |  64    67960    63344 |  34    59462    55424
    29000    398s |  48    66424    63344 |  46    54653    41435
    29500    404s |  44    65720    63344 |  36    68058    63658
    30000    410s |  39    66065    63344 |  51    74337    63976
    30500    417s |  25    64501    63344 |  40    56129    49877
    31000    423s |  27    64583    63344 |  35    65355    59753
    31500    429s |  62    68458    63344 |  46    58943    52180
    32000    435s |  40    66893    63344 |  30    70762    61313
    32500    441s |  38    66830    63344 |  61    59066    53321
    33000    446s |  28    64897    63344 |  47    59202    54063

Search terminated in 446.39s after 33022 iterations.
Best-found solution has cost 63344.

Solution results
================
    # routes: 1
   # clients: 26
   objective: 63344
    distance: 139
    duration: 139
# iterations: 33022
    run-time: 446.39 seconds

Total WP Routes Temperr [°C]:
17.381344
Total All Routes Temperr [°C]:
150.35638
