*** Read File ***
*** Insert Masks ***
*** Point Selection ***
*** VRP Solver (Node number estimation - 60 [s]) ***
Maximum path length [km]:
[43.2]
PyVRP v0.10.1

Solving an instance with:
    2 depots
    306 clients
    1 vehicle (1 vehicle type)

                  |       Feasible        |      Infeasible
    Iters    Time |   #      Avg     Best |   #      Avg     Best
      500     28s |   0        -        - |  33 538181926913    84694
H    1000     40s |  65   152203   145191 |  41   129394   120505
     1500     49s |  59   151427   145191 |  49   163940   144297
H    2000     54s |  54   148820   143974 |  54   148735   142221
H    2500     59s |  44   148492   143626 |  58   147193   141331

Search terminated in 60.01s after 2611 iterations.
Best-found solution has cost 143626.

Solution results
================
    # routes: 1
   # clients: 32
   objective: 143626
    distance: 144
    duration: 144
# iterations: 2611
    run-time: 60.01 seconds

*** VRP Solver (Final routes) ***
Maximum path length [km]:
[41.28]
PyVRP v0.10.1

Solving an instance with:
    2 depots
    306 clients
    1 vehicle (1 vehicle type)

                  |       Feasible        |      Infeasible
    Iters    Time |   #      Avg     Best |   #      Avg     Best
H     500     28s |   1   151148   151148 |  33 538181927086    85023
H    1000     39s |  57   153493   146785 |  41   133409   121094
     1500     49s |  58   153688   146785 |  49   125701   120255
H    2000     58s |  37   151322   146499 |  57   126408   118440
     2500     69s |  51   152310   146499 |  65   125857   118195
     3000     79s |  48   152112   146499 |  32   122708   118195
     3500     89s |  27   149588   146499 |  40   125272   117765
     4000    103s |  59   152652   146499 |  48   128620   119262
     4500    113s |  58   152683   146499 |  56   126247   118248
     5000    122s |  29   149646   146499 |  64   144876   135763
     5500    130s |  55   152060   146499 |  31   140937   134650
     6000    138s |  25   148554   146499 |  39   140819   134650
H    6500    144s |  47   150459   146366 |  46   150916   142437
H    7000    154s |  37   150301   146024 |  54   126937   118205
     7500    164s |  34   150390   146024 |  62   127005   118205
     8000    172s |  56   152348   146024 |  29   139570   134789
     8500    186s |  46   151626   146024 |  37   123861   116999
     9000    196s |  49   152008   146024 |  45   123879   115900
     9500    205s |  34   150272   146024 |  53   143925   134749
H   10000    211s |  38   148926   145470 |  61   148862   143972
H   10500    216s |  39   148753   145242 |  26   147407   143370
H   11000    220s |  62   149316   145094 |  32   149371   145000
    11500    229s |  36   148806   145094 |  33   111225   105973
    12000    244s |  57   149585   145094 |  41    56460    50314
    12500    261s |  27   148100   145094 |  49   110614    98409
    13000    275s |  55   149533   145094 |  57   109945    98409
    13500    288s |  62   152332   145094 |  65   129166   118111
    14000    297s |  62   152071   145094 |  32   126827   116675
    14500    308s |  36   150181   145094 |  40   126319   116675
    15000    318s |  44   151000   145094 |  48   125435   116675
    15500    328s |  47   151441   145094 |  56   145149   137967
    16000    336s |  25   148193   145094 |  64   145420   137574
    16500    344s |  40   149535   145094 |  31   157851   144231
    17000    350s |  64   150672   145094 |  37   147315   143018
    17500    355s |  56   149813   145094 |  43   146934   142688
H   18000    360s |  56   149735   144969 |  50   148282   142688
    18500    372s |  51   150245   144969 |  56   108932   100293
    19000    384s |  33   148350   144969 |  64   110849   100293
    19500    396s |  64   152446   144969 |  31   142457   137508
    20000    404s |  54   151159   144969 |  39   140951   136670
    20500    410s |  64   150676   144969 |  47   150072   143863
    21000    421s |  50   149747   144969 |  53   107340   100054
    21500    434s |  25   146929   144969 |  61   128403   117811
    22000    444s |  35   148941   144969 |  28   123759   117637
    22500    454s |  41   150359   144969 |  36   125108   117270
    23000    463s |  43   150521   144969 |  44   144971   136932
    23500    471s |  64   150702   144969 |  51   154682   144691
    24000    476s |  45   149007   144969 |  55   149039   143390
    24500    480s |  31   148039   144969 |  62   149627   143390
H   25000    485s |  63   149551   144661 |  26   149742   143390
    25500    492s |  37   148211   144661 |  28   110577   103411
    26000    505s |  26   147344   144661 |  36   109385   101611
    26500    517s |  63   151560   144661 |  44   127572   119862
    27000    527s |  36   149253   144661 |  52   127687   119213
    27500    537s |  54   151425   144661 |  60   128759   118760
    28000    548s |  54   152004   144661 |  27   125449   118012
    28500    558s |  27   147584   144661 |  35   125985   118012
    29000    571s |  34   148630   144661 |  43   108686    99501
    29500    583s |  40   149706   144661 |  51   128640   117706
    30000    594s |  55   151316   144661 |  59   126990   117706
    30500    604s |  45   150650   144661 |  26   123306   117706
    31000    617s |  51   149339   144661 |  34   108014    99389
    31500    633s |  51   150118   144661 |  42   108364    98793
    32000    649s |  40   150354   144661 |  50   128707   120634
    32500    659s |  65   151920   144661 |  58   129401   118351
    33000    669s |  44   151549   144661 |  25   124616   118351
    33500    680s |  55   151791   144661 |  33   124774   118105
    34000    690s |  63   151175   144661 |  41   146809   138499
    34500    703s |  45   149339   144661 |  49   108364    96898
    35000    717s |  36   149909   144661 |  57   129367   118673
    35500    725s |  41   150638   144661 |  65   145887   138228
    36000    732s |  30   148498   144661 |  32   157055   144513
    36500    737s |  55   149819   144661 |  39   148774   143766
    37000    742s |  49   149773   144661 |  45   149143   143604
    37500    746s |  43   149802   144661 |  51   150621   143468
    38000    751s |  57   149850   144661 |  57   149339   143468
    38500    756s |  51   149446   144661 |  65   149456   143365
    39000    760s |  33   148681   144661 |  31   149331   143365
H   39500    765s |  58   149513   144329 |  39   147583   143215
    40000    770s |  54   149498   144329 |  44   147536   143215
    40500    774s |  41   148925   144329 |  51   148012   143215
    41000    786s |  60   151861   144329 |  59   127401   118982
    41500    795s |  27   147726   144329 |  26   140982   137491
    42000    802s |  32   148912   144329 |  34   141729   136375
    42500    810s |  43   150330   144329 |  42   141325   136046
    43000    816s |  57   149343   144329 |  48   149360   143704
    43500    820s |  60   150055   144329 |  52   148062   143360
    44000    825s |  53   149491   144329 |  58   148207   143161
    44500    830s |  43   148584   144329 |  64   148644   143161
    45000    840s |  31   148456   144329 |  28   122867   119519
    45500    849s |  57   151434   144329 |  36   123297   118001
    46000    858s |  49   150626   144329 |  44   141843   135111
    46500    865s |  34   148839   144329 |  52   141223   134694
    47000    873s |  61   152609   144329 |  60   141198   134694
    47500    887s |  52   149904   144329 |  27   104136    99921
    48000    900s |  58   149909   144329 |  35   103945    98011
    48500    913s |  56   150042   144329 |  43   105592    97370
    49000    925s |  25   146496   144329 |  51   125017   117411
    49500    935s |  49   150900   144329 |  59   124825   117266
    50000    946s |  27   147510   144329 |  26   120257   116069
    50500    956s |  55   151280   144329 |  34   122849   115784
    51000    966s |  42   149875   144329 |  42   123132   115784
    51500    976s |  43   150477   144329 |  50   123924   115784
    52000    986s |  59   151541   144329 |  58   125239   115784
    52500    996s |  34   149013   144329 |  25   119326   115784
    53000   1006s |  38   149317   144329 |  33   121124   115784
    53500   1016s |  58   151215   144329 |  41   122458   115784
    54000   1031s |  62   149741   144329 |  49   108381    98644

Search terminated in 1039.14s after 54228 iterations.
Best-found solution has cost 144329.

Solution results
================
    # routes: 1
   # clients: 31
   objective: 144329
    distance: 136
    duration: 136
# iterations: 54228
    run-time: 1039.14 seconds

Total WP Routes Temperr [°C]:
23.975931
Total All Routes Temperr [°C]:
187.64565
