*** Read File ***
*** Insert Masks ***
*** Point Selection ***
*** VRP Solver (Node number estimation - 60 [s]) ***
Maximum path length [km]:
[43.2]
PyVRP v0.10.1

Solving an instance with:
    2 depots
    307 clients
    1 vehicle (1 vehicle type)

                  |       Feasible        |      Infeasible
    Iters    Time |   #      Avg     Best |   #      Avg     Best
      500     49s |   0        -        - |  33 1309091042239    83854

Search terminated in 60.02s after 820 iterations.
Best-found solution has cost 155956.

Solution results
================
    # routes: 1
   # clients: 29
   objective: 155956
    distance: 144
    duration: 144
# iterations: 820
    run-time: 60.02 seconds

*** VRP Solver (Final routes) ***
Maximum path length [km]:
[41.46]
PyVRP v0.10.1

Solving an instance with:
    2 depots
    307 clients
    1 vehicle (1 vehicle type)

                  |       Feasible        |      Infeasible
    Iters    Time |   #      Avg     Best |   #      Avg     Best
      500     48s |   0        -        - |  33 1309091042521    84136
H    1000     61s |  28   158712   156901 |  37   160154   156413
H    1500     70s |  35   158174   156233 |  50   166896   156501
     2000     79s |  50   159048   156233 |  41   159876   156174
H    2500     90s |  47   159123   155836 |  33   167465   156650
     3000    106s |  38   159085   155836 |  36   173429   156629
     3500    118s |  62   160596   155836 |  31   147363   139235
     4000    128s |  60   159727   155836 |  37   159458   155608
     4500    136s |  42   158754   155836 |  43   159352   155608
     5000    146s |  45   159808   155836 |  35   150922   145593
H    5500    153s |  41   158801   155709 |  33   158875   155612
H    6000    162s |  52   158806   155700 |  62   161414   155542
H    6500    169s |  60   158903   155671 |  58   161540   155360
     7000    176s |  59   159622   155671 |  57   160413   155360
H    7500    186s |  44   159027   155541 |  43   154415   148004
     8000    198s |  39   158089   155541 |  33   168325   155664
     8500    208s |  36   159151   155541 |  59   128098   112238
     9000    221s |  36   158910   155541 |  36   179977   157095
H    9500    228s |  28   157382   155486 |  62   162368   155992
    10000    238s |  39   159662   155486 |  51   124736   117917
    10500    245s |  26   157213   155486 |  39   162571   155703
    11000    264s |  46   159649   155486 |  43   147977   140059
    11500    271s |  37   158930   155486 |  65   132954   120750
    12000    282s |  54   158888   155486 |  52   165643   156214
    12500    289s |  26   156770   155486 |  58   151195   108521
    13000    300s |  28   156893   155486 |  59   162293   155760
    13500    304s |  45   158641   155486 |  55   159781   155347
    14000    312s |  64   158964   155486 |  54   159472   155347
H   14500    323s |  26   156784   155448 |  52   171481   156177
    15000    332s |  41   159203   155448 |  47   114167   109494
    15500    350s |  32   158441   155448 |  53   116302   109319
    16000    359s |  51   158492   155448 |  55   160413   155590
    16500    363s |  25   156537   155448 |  52   160186   155590
    17000    371s |  59   158696   155448 |  27   121223   113974
    17500    381s |  28   157209   155448 |  31   164200   155999
    18000    393s |  41   157773   155448 |  48   166365   155846
    18500    406s |  46   159571   155448 |  46   125937   116960
    19000    419s |  58   159455   155448 |  41   166464   156341
    19500    433s |  37   158198   155448 |  38   167112   158910
H   20000    440s |  57   159459   155366 |  43   160182   155200
    20500    447s |  38   158580   155366 |  44   159022   155200
H   21000    453s |  64   159238   155300 |  49   158862   155200
    21500    463s |  51   158607   155300 |  55   160840   155786
H   22000    471s |  41   158013   155258 |  57   160557   155401
    22500    482s |  57   159549   155258 |  41   132529   122324
    23000    489s |  59   158600   155258 |  43   163571   155428
    23500    496s |  63   160303   155258 |  25   152816   146281
    24000    504s |  62   158489   155258 |  65   161138   155254
    24500    514s |  30   156953   155258 |  55   157563   150850
    25000    518s |  58   158622   155258 |  50   160322   155481
    25500    525s |  48   158378   155258 |  45   159391   155272
    26000    537s |  29   157372   155258 |  45   114005   108250
    26500    544s |  34   157193   155258 |  45   160895   155885
    27000    549s |  61   158762   155258 |  40   160002   155484
    27500    556s |  64   158871   155258 |  31   158186   155284
    28000    561s |  32   157557   155258 |  65   159701   155284
    28500    568s |  59   158995   155258 |  52   116779   111593
    29000    578s |  31   156960   155258 |  52   160523   155404
    29500    589s |  36   157486   155258 |  47   166970   156334
    30000    597s |  28   156781   155258 |  27   163261   155848
    30500    604s |  42   158404   155258 |  62   161295   155249
    31000    614s |  55   158876   155258 |  28   158484   155249
    31500    621s |  25   156535   155258 |  33   162492   155922
    32000    630s |  55   159686   155258 |  63   146821   138696
    32500    642s |  30   157176   155258 |  59   163393   156060
    33000    650s |  31   157814   155258 |  55   129266   119713
    33500    659s |  40   157980   155258 |  59   169203   155821
    34000    667s |  64   158899   155258 |  49   165159   155642
    34500    677s |  50   158108   155258 |  37   160547   155632
    35000    686s |  59   158881   155258 |  30   160531   155251
    35500    692s |  51   158802   155258 |  27   123855    89438
    36000    708s |  27   156932   155258 |  34   156997   150370
    36500    716s |  65   158723   155258 |  60   166244   156477

Search terminated in 721.49s after 36694 iterations.
Best-found solution has cost 155258.

Solution results
================
    # routes: 1
   # clients: 30
   objective: 155258
    distance: 138
    duration: 138
# iterations: 36694
    run-time: 721.49 seconds

Total WP Routes Temperr [°C]:
24.91701
Total All Routes Temperr [°C]:
203.71875
