*** Read File ***
*** Insert Masks ***
*** Point Selection ***
*** VRP Solver (Node number estimation - 60 [s]) ***
Maximum path length [km]:
[43.2]
PyVRP v0.10.1

Solving an instance with:
    2 depots
    311 clients
    1 vehicle (1 vehicle type)

                  |       Feasible        |      Infeasible
    Iters    Time |   #      Avg     Best |   #      Avg     Best
      500     41s |   0        -        - |  33 290909214974   103052
H    1000     56s |  55   128658   124811 |  41   112069   105736

Search terminated in 60.00s after 1227 iterations.
Best-found solution has cost 124811.

Solution results
================
    # routes: 1
   # clients: 26
   objective: 124811
    distance: 144
    duration: 144
# iterations: 1227
    run-time: 60.00 seconds

*** VRP Solver (Final routes) ***
Maximum path length [km]:
[41.64]
PyVRP v0.10.1

Solving an instance with:
    2 depots
    311 clients
    1 vehicle (1 vehicle type)

                  |       Feasible        |      Infeasible
    Iters    Time |   #      Avg     Best |   #      Avg     Best
      500     36s |   0        -        - |  33 290909215256   103334
H    1000     49s |  37   128900   126334 |  41   112675   106350
H    1500     58s |  52   129480   126124 |  49   112572   106350
H    2000     66s |  59   128750   126041 |  57   127404   121226
     2500     74s |  53   128727   126041 |  65   129229   120584
     3000     82s |  45   128649   126041 |  32   127637   120229
     3500     92s |  39   128694   126041 |  39    99480    94869
     4000    108s |  55   129311   126041 |  47    98396    94556
     4500    122s |  36   128431   126041 |  55    97741    94410
     5000    134s |  57   129129   126041 |  63    97342    94410
     5500    146s |  43   128657   126041 |  30    96372    94400
H    6000    159s |  45   128606   125503 |  38    96458    94400
     6500    174s |  36   128223   125503 |  46    82073    78914
     7000    193s |  49   128792   125503 |  54    98681    94006
H    7500    208s |  30   127584   125483 |  62    97639    94114
     8000    221s |  61   128894   125483 |  29    97166    93939
     8500    234s |  46   128684   125483 |  37    95916    93939
     9000    247s |  29   127339   125483 |  45    95896    93939
     9500    265s |  55   128997   125483 |  53    96474    93939
    10000    283s |  40   128455   125483 |  61    96453    93939
    10500    297s |  56   129004   125483 |  28    95366    93939
    11000    310s |  45   129048   125483 |  36    96217    93894
    11500    326s |  34   128151   125483 |  44    96190    93894
    12000    342s |  62   129188   125483 |  52    96814    93837
    12500    360s |  57   128916   125483 |  60    96938    93818
    13000    374s |  28   127076   125483 |  27    96450    93808
    13500    385s |  49   128429   125483 |  35   123718   119994
    14000    395s |  46   128152   125483 |  43   124077   119841
    14500    404s |  39   128046   125483 |  51   125315   119841
    15000    412s |  28   126921   125483 |  59   124060   119841
    15500    419s |  60   128883   125483 |  26   122051   119841
    16000    429s |  35   127712   125483 |  34   123454   119841
    16500    442s |  47   128652   125483 |  42    97424    94193
    17000    456s |  62   129301   125483 |  50    97218    94512
    17500    468s |  44   128662   125483 |  58    97044    93602
    18000    481s |  65   129257   125483 |  25    96587    93602
    18500    494s |  61   128898   125483 |  33    95663    93460
    19000    510s |  62   129204   125483 |  41    95500    93460
    19500    525s |  56   129063   125483 |  49    96092    93460
    20000    538s |  60   129170   125483 |  57    96127    93460
    20500    550s |  30   127221   125483 |  65    96514    93460
    21000    562s |  62   129408   125483 |  32    95046    93209
    21500    573s |  53   128888   125483 |  40    95112    93209
    22000    587s |  57   128843   125483 |  48    95875    93209
H   22500    599s |  41   128277   125447 |  56    95962    93209
H   23000    610s |  40   128314   125437 |  64    96267    93209
H   23500    620s |  51   128687   125294 |  31   109084   104519
    24000    630s |  36   127566   125294 |  39   109453   104519
    24500    640s |  48   128583   125294 |  47   110074   104519
    25000    653s |  35   127469   125294 |  55   109727   104519
    25500    664s |  28   126743   125294 |  63   111363   104519
    26000    673s |  46   128480   125294 |  30   108296   104519
    26500    687s |  29   127115   125294 |  38   109228   104519
    27000    699s |  64   129034   125294 |  46   108938   104519
    27500    711s |  27   126810   125294 |  54    96308    93209
    28000    728s |  58   129000   125294 |  62    96200    93209
    28500    742s |  41   128187   125294 |  29    95245    93209
    29000    755s |  41   128061   125294 |  37    95520    93209
    29500    766s |  63   128976   125294 |  45    95850    93209
    30000    779s |  35   127419   125294 |  53    99179    94515
    30500    793s |  52   128602   125294 |  61    98225    94390
    31000    810s |  36   127923   125294 |  28    96105    94103
    31500    823s |  27   126963   125294 |  36    96062    94103
    32000    837s |  62   129113   125294 |  44    96609    93928
    32500    850s |  49   128489   125294 |  52    96763    93928
    33000    865s |  65   128892   125294 |  60    96960    93928
    33500    880s |  43   127982   125294 |  27    99388    94032
    34000    894s |  25   126400   125294 |  35    98122    93852
    34500    907s |  61   129167   125294 |  43    97586    93852
    35000    918s |  49   128754   125294 |  51    97432    93852
    35500    930s |  35   127573   125294 |  59    97700    93852
    36000    942s |  27   126815   125294 |  26    97666    93852
    36500    959s |  64   128906   125294 |  34    98751    93774
    37000    976s |  43   128349   125294 |  42    98410    94605
    37500    990s |  32   127476   125294 |  50    97793    94347
    38000   1001s |  52   128890   125294 |  58    97343    94048

Search terminated in 1006.01s after 38237 iterations.
Best-found solution has cost 125294.

Solution results
================
    # routes: 1
   # clients: 26
   objective: 125294
    distance: 138
    duration: 138
# iterations: 38237
    run-time: 1006.01 seconds

Total WP Routes Temperr [°C]:
17.1539
Total All Routes Temperr [°C]:
152.71213
