*** Read File ***
*** Insert Masks ***
*** Point Selection ***
*** VRP Solver (Node number estimation - 60 [s]) ***
Maximum path length [km]:
[43.2]
PyVRP v0.10.1

Solving an instance with:
    2 depots
    317 clients
    1 vehicle (1 vehicle type)

                  |       Feasible        |      Infeasible
    Iters    Time |   #      Avg     Best |   #      Avg     Best
      500     22s |   0        -        - |  33 436363762086    97902
H    1000     29s |  35   143479   141326 |  37   149844   141356
H    1500     34s |  27   142783   140799 |  41   151658   140883
     2000     39s |  51   144546   140799 |  60   140000   132185
H    2500     42s |  52   143628   140469 |  61   152750   140735
     3000     47s |  58   143151   140469 |  30   136846   116889
     3500     54s |  39   143547   140469 |  26   124572   121187
     4000     60s |  46   143584   140469 |  42   129936   123638

Search terminated in 60.01s after 4023 iterations.
Best-found solution has cost 140469.

Solution results
================
    # routes: 1
   # clients: 28
   objective: 140469
    distance: 144
    duration: 144
# iterations: 4023
    run-time: 60.01 seconds

*** VRP Solver (Final routes) ***
Maximum path length [km]:
[41.52]
PyVRP v0.10.1

Solving an instance with:
    2 depots
    317 clients
    1 vehicle (1 vehicle type)

                  |       Feasible        |      Infeasible
    Iters    Time |   #      Avg     Best |   #      Avg     Best
      500     23s |   0        -        - |  33 436363762368    98184
H    1000     30s |  32   143786   141656 |  60   148096   141773
H    1500     36s |  33   144359   141415 |  53   124147   118076
     2000     40s |  45   145151   141415 |  37   112049   105790
H    2500     46s |  30   143850   141383 |  27   111155   106221
     3000     51s |  51   144526   141383 |  28   143503   141390
     3500     56s |  30   144468   141383 |  64   128657   121779
     4000     62s |  36   143592   141383 |  60   147561   141524
H    4500     65s |  38   143632   141267 |  44   145628   141362
     5000     69s |  59   143690   141267 |  63   150044   141247
     5500     73s |  41   144520   141267 |  54   118081   112564
     6000     81s |  53   144148   141267 |  37   158469   142713
     6500     89s |  30   143411   141267 |  29   151259   141936
     7000     94s |  58   143992   141267 |  65   148334   141531
     7500    101s |  28   143224   141267 |  65   127309   106825
     8000    111s |  54   145596   141267 |  64   128022   119953
     8500    116s |  62   144363   141267 |  59   146560   141122
H    9000    122s |  32   142891   141129 |  51   147860   141693
H    9500    126s |  35   143162   140953 |  49   146055   140837
    10000    130s |  64   143734   140953 |  39   146910   140837
    10500    136s |  30   143455   140953 |  28   114842   109772
    11000    143s |  37   143592   140953 |  60   149529   141166
H   11500    149s |  32   143021   140867 |  32   146977   140923
    12000    156s |  43   143334   140867 |  54   127050   102455
    12500    163s |  51   144723   140867 |  42   151185   141903
    13000    168s |  49   143091   140867 |  46   147301   141377
    13500    173s |  57   143718   140867 |  30   149115   141301
    14000    179s |  59   144251   140867 |  64   146308   140978
    14500    185s |  28   142461   140867 |  28   149756   141841
    15000    192s |  34   142989   140867 |  63   146167   141157
    15500    198s |  59   144280   140867 |  61   129950   109692
    16000    204s |  37   143271   140867 |  50   146625   140970
    16500    209s |  59   143461   140867 |  45   145943   141481
    17000    216s |  55   145881   140867 |  31   119614   114591
H   17500    223s |  37   143462   140816 |  62   157585   141709
    18000    228s |  44   144317   140816 |  47   145899   141122
    18500    234s |  26   143047   140816 |  49   155947   141849
    19000    241s |  62   144344   140816 |  40   145476   140864
    19500    246s |  40   144364   140816 |  42   152133   141752
    20000    251s |  63   145051   140816 |  37   128963   121670
H   20500    255s |  40   143396   140754 |  27   154444   141604
    21000    258s |  43   143399   140754 |  52   145097   140924
    21500    262s |  35   142902   140754 |  65   149407   141287
    22000    266s |  64   144648   140754 |  30   154254   141071
    22500    269s |  27   142474   140754 |  41   118288   112540
    23000    274s |  28   142809   140754 |  27   134382   128736
    23500    278s |  25   142289   140754 |  48   121657   115678
    24000    283s |  56   143566   140754 |  36   145491   141338
    24500    287s |  43   143233   140754 |  49   150070   141993
    25000    291s |  32   143168   140754 |  37   147793   140981
    25500    294s |  44   143220   140754 |  34   145104   140877
    26000    297s |  51   143360   140754 |  58   153401   140686
    26500    301s |  28   141948   140754 |  45   144265   140916
    27000    306s |  51   143849   140754 |  34   120424   108727
    27500    312s |  28   142179   140754 |  33   147222   141632
    28000    318s |  35   143494   140754 |  33   118226   110219
    28500    324s |  65   144936   140754 |  34   132959   126555
    29000    330s |  39   143499   140754 |  34   152401   142384
    29500    334s |  50   144817   140754 |  53   123755   117403
    30000    340s |  40   143794   140754 |  46   141521   134328
    30500    344s |  40   144036   140754 |  40   125600   118590
H   31000    350s |  42   143718   140671 |  39   112992   107713
    31500    354s |  34   143310   140671 |  58   151197   141041
    32000    359s |  53   144660   140671 |  43   129956   124497
    32500    365s |  41   143722   140671 |  25   147251   141573
    33000    370s |  35   143015   140671 |  25   151408   141412
    33500    374s |  63   143457   140671 |  29   147651   141036
    34000    377s |  61   144032   140671 |  44   145490   140904
    34500    380s |  47   143451   140671 |  43   150200   140958
    35000    386s |  42   143811   140671 |  60   141495   133703
    35500    390s |  31   142792   140671 |  50   153261   141778
    36000    395s |  25   141674   140671 |  31   131748   122045
    36500    400s |  35   142677   140671 |  61   148295   141319
    37000    407s |  32   142262   140671 |  62   161800   141483
    37500    411s |  26   141826   140671 |  40   150485   141356
    38000    416s |  39   142858   140671 |  62   149474   141129
    38500    420s |  52   143364   140671 |  48   150087   141292
    39000    425s |  31   142907   140671 |  55   108307   103981
    39500    429s |  58   143495   140671 |  42   148737   141322
    40000    433s |  58   143839   140671 |  63   145349   140949
    40500    438s |  34   142942   140671 |  65   150206   141591
    41000    441s |  26   142186   140671 |  59   116344   107770
    41500    447s |  44   143557   140671 |  39   150044   142070
    42000    450s |  43   143099   140671 |  64   147505   140991
    42500    455s |  26   141848   140671 |  56   158270   142574
    43000    458s |  59   143784   140671 |  57   160313   141282
    43500    461s |  28   142442   140671 |  36   146281   141071
    44000    463s |  35   142447   140671 |  48   129657    99841
    44500    468s |  40   142818   140671 |  35   144866   141147
    45000    473s |  25   141577   140671 |  30   120196   115520
    45500    477s |  54   143122   140671 |  30   143790   140988

Search terminated in 477.54s after 45571 iterations.
Best-found solution has cost 140671.

Solution results
================
    # routes: 1
   # clients: 29
   objective: 140671
    distance: 138
    duration: 138
# iterations: 45571
    run-time: 477.54 seconds

Total WP Routes Temperr [°C]:
19.31187
Total All Routes Temperr [°C]:
152.2283
