*** Read File ***
*** Insert Masks ***
*** Point Selection ***
*** VRP Solver (Node number estimation - 60 [s]) ***
Maximum path length [km]:
[43.2]
PyVRP v0.10.1

Solving an instance with:
    2 depots
    265 clients
    1 vehicle (1 vehicle type)

                  |       Feasible        |      Infeasible
    Iters    Time |   #      Avg     Best |   #      Avg     Best
      500     22s |   0        -        - |  33    46919    37893
H    1000     32s |  47    67722    63269 |  26    54906    49471
     1500     37s |  28    65304    63269 |  62    67329    62750
H    2000     42s |  52    66757    63190 |  58    48357    43030
H    2500     48s |  46    65737    63111 |  50    68099    62583
     3000     53s |  35    66029    63111 |  35    70138    59477
     3500     57s |  31    66707    63111 |  53    67315    60492

Search terminated in 60.01s after 3795 iterations.
Best-found solution has cost 63111.

Solution results
================
    # routes: 1
   # clients: 28
   objective: 63111
    distance: 143
    duration: 143
# iterations: 3795
    run-time: 60.01 seconds

*** VRP Solver (Final routes) ***
Maximum path length [km]:
[41.52]
PyVRP v0.10.1

Solving an instance with:
    2 depots
    265 clients
    1 vehicle (1 vehicle type)

                  |       Feasible        |      Infeasible
    Iters    Time |   #      Avg     Best |   #      Avg     Best
      500     23s |   0        -        - |  33    47201    38175
H    1000     30s |  43    67891    64153 |  34    46797    42818
     1500     35s |  40    66668    64153 |  25    68229    64447
     2000     40s |  48    67502    64153 |  61    71349    63879
H    2500     45s |  26    65802    64119 |  52    57334    50424
H    3000     48s |  55    66107    64117 |  34    44201    39505
     3500     53s |  28    66475    64117 |  26    72452    64299
     4000     61s |  37    67416    64117 |  47    59865    51948
H    4500     67s |  48    66214    64095 |  65    66800    64005
     5000     73s |  30    66032    64095 |  55    74875    64271
     5500     79s |  33    66033    64095 |  50    71154    64396
H    6000     83s |  41    66375    64027 |  39    71050    64025
     6500     89s |  44    67529    64027 |  29    60167    56123
     7000     94s |  39    67048    64027 |  25    65818    63832
     7500     98s |  25    66068    64027 |  56    50090    42795
     8000    104s |  32    66595    64027 |  57    67976    63611
     8500    111s |  56    68430    64027 |  53    75999    64477
     9000    116s |  40    67399    64027 |  32    57491    50891
     9500    121s |  38    65838    64027 |  58    65633    63720
    10000    127s |  30    65546    64027 |  42    68293    63904
    10500    132s |  58    68304    64027 |  39    69294    61507
    11000    137s |  48    67475    64027 |  36    74096    64191
    11500    143s |  47    66232    64027 |  62    74434    63999
    12000    149s |  43    66577    64027 |  49    72887    63963
    12500    156s |  49    67759    64027 |  41    67936    63146
    13000    163s |  42    67322    64027 |  35    59680    55604
    13500    169s |  31    66560    64027 |  37    62042    56798
    14000    174s |  48    67924    64027 |  59    48070    42820
    14500    179s |  46    66228    64027 |  61    74679    63831
    15000    185s |  45    66949    64027 |  58    68914    64070
    15500    190s |  26    65653    64027 |  49    58013    44549
    16000    198s |  50    68865    64027 |  43    49633    45069
    16500    205s |  42    66725    64027 |  37    70667    64110
    17000    212s |  29    66216    64027 |  27    69291    63904
    17500    218s |  26    65884    64027 |  54    61084    54196
    18000    223s |  53    67854    64027 |  35    62781    55975
    18500    228s |  46    67567    64027 |  35    64229    56351
H   19000    232s |  60    66458    64020 |  65    71187    63725
    19500    238s |  57    68350    64020 |  31    72648    64695
    20000    246s |  29    66609    64020 |  60    56313    49032
    20500    254s |  25    66043    64020 |  55    57306    50313
    21000    259s |  33    66886    64020 |  34    47952    43294
    21500    265s |  53    66440    64020 |  33    65523    63734
    22000    270s |  43    67593    64020 |  63    50465    44852
    22500    276s |  55    67540    64020 |  50    75171    64395
    23000    281s |  58    67363    64020 |  46    72000    63927
    23500    285s |  27    66478    64020 |  64    71876    61886
    24000    293s |  38    67472    64020 |  47    61413    54692
    24500    301s |  49    68073    64020 |  36    62039    55827
    25000    308s |  31    66484    64020 |  53    46915    42290
    25500    313s |  31    66235    64020 |  55    69291    63859
    26000    318s |  47    69086    64020 |  38    49226    42680
    26500    322s |  62    67324    64020 |  44    67359    63774
    27000    327s |  65    67556    64020 |  39    71394    64437
    27500    332s |  59    68577    64020 |  58    60326    52217
    28000    339s |  32    65923    64020 |  32    43893    39272
    28500    347s |  52    67913    64020 |  29    69734    62426
    29000    352s |  62    66581    64020 |  42    68023    64021
    29500    357s |  45    66767    64020 |  28    69184    63493
    30000    363s |  36    66828    64020 |  62    64693    56254
    30500    367s |  52    66977    64020 |  42    48606    42757
    31000    372s |  60    68494    64020 |  36    48305    43275
    31500    377s |  62    66959    64020 |  39    67797    63816
    32000    383s |  55    66747    64020 |  27    70147    63687
    32500    388s |  48    67122    64020 |  58    67907    63687
    33000    394s |  30    66973    64020 |  44    50326    43395
    33500    400s |  28    65704    64020 |  46    70716    63623

Search terminated in 402.83s after 33809 iterations.
Best-found solution has cost 64020.

Solution results
================
    # routes: 1
   # clients: 26
   objective: 64020
    distance: 137
    duration: 137
# iterations: 33809
    run-time: 402.83 seconds

Total WP Routes Temperr [°C]:
19.060694
Total All Routes Temperr [°C]:
183.35579
