*** Read File ***
*** Insert Masks ***
*** Point Selection ***
*** VRP Solver (Node number estimation - 60 [s]) ***
Maximum path length [km]:
[43.2]
PyVRP v0.10.1

Solving an instance with:
    2 depots
    319 clients
    1 vehicle (1 vehicle type)

                  |       Feasible        |      Infeasible
    Iters    Time |   #      Avg     Best |   #      Avg     Best
H     500     43s |   1   136789   136789 |  33 640000117158    77451
H    1000     53s |  26   133893   131595 |  26   140375   131845

Search terminated in 60.02s after 1354 iterations.
Best-found solution has cost 131595.

Solution results
================
    # routes: 1
   # clients: 29
   objective: 131595
    distance: 144
    duration: 144
# iterations: 1354
    run-time: 60.02 seconds

*** VRP Solver (Final routes) ***
Maximum path length [km]:
[41.46]
PyVRP v0.10.1

Solving an instance with:
    2 depots
    319 clients
    1 vehicle (1 vehicle type)

                  |       Feasible        |      Infeasible
    Iters    Time |   #      Avg     Best |   #      Avg     Best
H     500     33s |   1   137425   137425 |  33 640000118358    81602
H    1000     42s |  60   136614   132812 |  32   136396   131318
H    1500     47s |  39   135363   132031 |  37   135745   131318
H    2000     54s |  59   135970   131598 |  31   135037   131318
     2500     66s |  44   135063   131598 |  62   145273   133349
     3000     76s |  57   135844   131598 |  50   120469   113324
H    3500     83s |  64   135370   131458 |  42   137594   131327
     4000     90s |  25   132487   131458 |  26   139626   132115
     4500     97s |  59   135717   131458 |  43   156349   133074
     5000    102s |  51   134591   131458 |  34   137495   131802
H    5500    106s |  33   133169   131454 |  59   143259   131557
     6000    112s |  49   134184   131454 |  59   137228   131533
     6500    120s |  32   134007   131454 |  49   130492   122031
     7000    124s |  30   133333   131454 |  29   140340   131273
     7500    130s |  38   134217   131454 |  57   140497   131677
     8000    137s |  62   134905   131454 |  45   143187   132162
     8500    143s |  41   134125   131454 |  45   147129   132802
H    9000    149s |  53   136026   131451 |  45   118165   112167
     9500    159s |  65   135994   131451 |  36   136586   131213
    10000    167s |  65   135049   131451 |  63   145268   131549
    10500    176s |  30   133014   131451 |  54   137366   131544
    11000    182s |  49   134356   131451 |  61   127520   103089
    11500    188s |  30   132934   131451 |  60   141106   131755
    12000    195s |  28   132862   131451 |  46   140403   131401
    12500    199s |  50   135070   131451 |  33   136694   131262
    13000    206s |  53   135827   131451 |  52   130796   122854
    13500    213s |  39   133509   131451 |  46   139766   131455
    14000    219s |  37   134539   131451 |  36   155964   131911
    14500    225s |  40   134655   131451 |  58   139367   131381
    15000    232s |  28   133333   131451 |  40   145470   133278
    15500    241s |  62   135613   131451 |  27   119511   113157
    16000    248s |  62   135289   131451 |  36   114778   101394
    16500    260s |  44   134679   131451 |  55   165944   137182
    17000    266s |  47   134885   131451 |  50   138163   131529
    17500    271s |  55   134776   131451 |  38   135531   131308
H   18000    276s |  42   134328   131418 |  52   127773   107233
    18500    282s |  53   134552   131418 |  61   141014   131847
    19000    287s |  46   134962   131418 |  32   152427   132187
    19500    294s |  64   135791   131418 |  46   131653   122651
    20000    298s |  61   134907   131418 |  56   140081   131862
    20500    305s |  38   134619   131418 |  26   154207   133162
    21000    312s |  58   136183   131418 |  42   133929   126938
H   21500    317s |  37   133908   131339 |  33   136795   131361
    22000    325s |  64   135383   131339 |  55   150923   131476
    22500    334s |  64   136377   131339 |  41   124774   116398
    23000    341s |  42   134809   131339 |  60   147998   132770
    23500    346s |  25   132250   131339 |  38   137516   131166
    24000    359s |  27   132577   131339 |  28   108649   101531
    24500    370s |  39   133875   131339 |  25   139813   131332
    25000    379s |  46   135046   131339 |  61   172824   132996
    25500    387s |  27   132874   131339 |  47   138843   130551
    26000    393s |  58   135428   131339 |  46   136355   130551
    26500    398s |  48   134849   131339 |  50   135457   130551
    27000    402s |  37   133754   131339 |  28   137198   131335
    27500    408s |  46   135419   131339 |  50   133679   123744
    28000    414s |  37   134108   131339 |  37   117031   109549
    28500    421s |  64   135170   131339 |  31   139228   131371
    29000    427s |  61   135650   131339 |  41   133973   126356
    29500    434s |  45   134411   131339 |  62   150751   131763
    30000    441s |  43   134088   131339 |  33   145301   132232
    30500    451s |  47   135244   131339 |  30   140077   130695
    31000    460s |  64   136242   131339 |  48   140805   132109
    31500    468s |  45   135053   131339 |  58   144772   133191
    32000    476s |  47   134614   131339 |  26   139973   131863
    32500    482s |  30   132962   131339 |  36   149248   131682
    33000    489s |  30   132994   131339 |  39   141906   131487
    33500    496s |  52   135016   131339 |  62   137574   127327
    34000    503s |  54   134727   131339 |  38   139273   131312
    34500    510s |  46   135388   131339 |  27   124081   119095
    35000    515s |  37   133574   131339 |  42   147305   131471
    35500    520s |  36   133731   131339 |  64   141279   131172
    36000    530s |  39   134118   131339 |  64   138469   131696

Search terminated in 531.87s after 36190 iterations.
Best-found solution has cost 131339.

Solution results
================
    # routes: 1
   # clients: 29
   objective: 131339
    distance: 138
    duration: 138
# iterations: 36190
    run-time: 531.87 seconds

Total WP Routes Temperr [°C]:
18.459011
Total All Routes Temperr [°C]:
155.20221
