*** Read File ***
*** Insert Masks ***
*** Point Selection ***
*** VRP Solver (Node number estimation - 60 [s]) ***
Maximum path length [km]:
[43.2]
PyVRP v0.10.1

Solving an instance with:
    2 depots
    317 clients
    1 vehicle (1 vehicle type)

                  |       Feasible        |      Infeasible
    Iters    Time |   #      Avg     Best |   #      Avg     Best
      500     34s |   0        -        - |  33 232727438316   123984

Search terminated in 60.04s after 812 iterations.
Best-found solution has cost inf.

Solution results
================
    # routes: 1
   # clients: 164
   objective: INFEASIBLE
    distance: 180000006705
    duration: 180000006705
# iterations: 812
    run-time: 60.04 seconds

*** VRP Solver (Final routes) ***
Maximum path length [km]:
[33.36]
PyVRP v0.10.1

Solving an instance with:
    2 depots
    317 clients
    1 vehicle (1 vehicle type)

                  |       Feasible        |      Infeasible
    Iters    Time |   #      Avg     Best |   #      Avg     Best
      500     34s |   0        -        - |  33 232727439867   125535
H    1000     71s |   8  1733849  1714209 |  41 3504392191236  1621062
H    1500     83s |  37  1684542  1659318 |  63  1755832  1662598
     2000     93s |  50  1693324  1659318 |  60 154334805389  1406032
     2500    106s |  44  1692394  1659318 |  27  1429037  1405950
     3000    120s |  33  1681761  1659318 |  35  1424784  1403254
     3500    131s |  55  1693426  1659318 |  43  1589714  1543035
H    4000    144s |  38  1684584  1657107 |  51  1584467  1539834
     4500    154s |  27  1673328  1657107 |  59  1587245  1538067
     5000    167s |  50  1692107  1657107 |  26  1558415  1534083
     5500    179s |  29  1676726  1657107 |  34  1565587  1534083
     6000    190s |  59  1692586  1657107 |  42  1565322  1532784
H    6500    201s |  46  1683009  1654928 |  50  1576064  1532784
     7000    211s |  28  1670624  1654928 |  58  1574077  1532427
     7500    223s |  52  1687322  1654928 |  25  1554887  1532427
H    8000    233s |  39  1681079  1653237 |  32  1557047  1532427
     8500    245s |  44  1680154  1653237 |  40  1571465  1532427
     9000    253s |  49  1688092  1653237 |  48  1576294  1532427
     9500    266s |  26  1666017  1653237 |  56  1576411  1532427
    10000    280s |  59  1693321  1653237 |  64  1300868  1229940
    10500    297s |  41  1685914  1653237 |  31  1430359  1386094
    11000    313s |  46  1686336  1653237 |  39  1420310  1374794
    11500    328s |  52  1686131  1653237 |  47  1614786  1573896
    12000    339s |  25  1664771  1653237 |  52  1302676  1252582
    12500    356s |  29  1672966  1653237 |  60  1302414  1240834
    13000    371s |  36  1683837  1653237 |  27  1427274  1396261
    13500    384s |  36  1678641  1653237 |  35  1638015  1596838
    14000    400s |  41  1683527  1653237 |  42  1312632  1236186
    14500    416s |  41  1682427  1653237 |  50  1488075  1407902
    15000    430s |  55  1690565  1653237 |  58  1468470  1407902
    15500    448s |  32  1673678  1653237 |  25  1534048  1455836
    16000    459s |  43  1682121  1653237 |  33  1700234  1611109
    16500    470s |  39  1680184  1653237 |  38  1655268  1602756
    17000    480s |  64  1691096  1653237 |  45  1646852  1602756
    17500    485s |  37  1668622  1653237 |  43  1690820  1651624
    18000    499s |  40  1679576  1653237 |  45  1374997  1299649
    18500    513s |  63  1692037  1653237 |  53  1530727  1464752
    19000    523s |  44  1684361  1653237 |  61  1836050  1660542
H   19500    535s |  35  1675913  1652654 |  60  1552933  1488815
    20000    547s |  34  1676574  1652654 |  27  1516285  1482310
    20500    561s |  25  1662950  1652654 |  35  1694831  1644957
    21000    570s |  27  1666562  1652654 |  42  1673705  1630413
    21500    581s |  61  1682289  1652654 |  45  1414090  1242125
    22000    594s |  50  1685618  1652654 |  53  1551588  1493641
    22500    605s |  26  1664853  1652654 |  61  1546381  1487069
    23000    619s |  26  1664400  1652654 |  28  1514413  1487069
    23500    630s |  34  1673761  1652654 |  36  1527223  1487069
    24000    643s |  45  1683033  1652654 |  44  1533775  1487069
    24500    654s |  47  1683284  1652654 |  52  1537485  1487069
    25000    665s |  46  1683071  1652654 |  60  1548018  1484785
    25500    678s |  51  1685092  1652654 |  27  1506756  1484785
    26000    690s |  56  1686995  1652654 |  35  1676259  1644977
    26500    700s |  29  1668219  1652654 |  41  1676905  1636182
    27000    708s |  31  1673089  1652654 |  49  1674539  1635613
    27500    714s |  32  1670856  1652654 |  39  1427427  1251799
    28000    729s |  65  1688183  1652654 |  47  1575528  1529046
H   28500    742s |  54  1686944  1652612 |  53  1697351  1656365
    29000    749s |  30  1672034  1652612 |  60  1680246  1642871
    29500    757s |  54  1679709  1652612 |  25  1652934  1640219
    30000    770s |  52  1688653  1652612 |  32  1284090  1235550
    30500    783s |  38  1674347  1652612 |  39  1697042  1654975
    31000    790s |  26  1662759  1652612 |  36  1703831  1655105
    31500    801s |  52  1689275  1652612 |  26  1421785  1377138
    32000    816s |  45  1682573  1652612 |  34  1429799  1377138
    32500    833s |  29  1669677  1652612 |  42  1640602  1557065
    33000    845s |  61  1693094  1652612 |  46  1310546  1272798
    33500    860s |  51  1690286  1652612 |  54  1468689  1409420
    34000    874s |  56  1691565  1652612 |  62  1627615  1565451
    34500    886s |  59  1691047  1652612 |  29  1792535  1717184
    35000    900s |  44  1687677  1652612 |  35  1286279  1257286
    35500    914s |  56  1691198  1652612 |  41  1339968  1299264
    36000    921s |  47  1679950  1652612 |  44  1702186  1652308
    36500    929s |  64  1684900  1652612 |  46  1699161  1651248
    37000    936s |  60  1680910  1652612 |  41  1683987  1651248
    37500    941s |  45  1678840  1652612 |  34  1693553  1651128
    38000    957s |  61  1690076  1652612 |  39  1732048  1635627
    38500    965s |  30  1670167  1652612 |  47  1685392  1604215
    39000    977s |  37  1674608  1652612 |  54  1671635  1604215
    39500    986s |  34  1670627  1652612 |  62  1291378  1082277
    40000   1001s |  46  1683810  1652612 |  28  1678002  1639282
    40500   1011s |  35  1675138  1652612 |  35  1670092  1617301
    41000   1021s |  50  1682152  1652612 |  43  1658085  1617301
    41500   1028s |  63  1684650  1652612 |  50  1657958  1617301
    42000   1044s |  37  1674978  1652612 |  57  1378460  1323199
    42500   1062s |  33  1671336  1652612 |  65  1366085  1312434
    43000   1075s |  31  1675129  1652612 |  32  1529703  1487623

Search terminated in 1086.52s after 43458 iterations.
Best-found solution has cost 1652612.

Solution results
================
    # routes: 1
   # clients: 24
   objective: 1652612
    distance: 111
    duration: 111
# iterations: 43458
    run-time: 1086.52 seconds

Total WP Routes Temperr [°C]:
19.040007
Total All Routes Temperr [°C]:
168.27548
