*** Read File ***
*** Insert Masks ***
*** Point Selection ***
*** VRP Solver (Node number estimation - 60 [s]) ***
Maximum path length [km]:
[43.2]
PyVRP v0.10.1

Solving an instance with:
    2 depots
    25 clients
    1 vehicle (1 vehicle type)

                  |       Feasible        |      Infeasible
    Iters    Time |   #      Avg     Best |   #      Avg     Best
H     500      1s |   2    13144    13144 |  33 320000007004     4656
H    1000      2s |  65    13650    13141 |  41 461463425960     8228
     1500      4s |  48    13934    13141 |  49 386122460124     8228
     2000      6s |  54    13902    13141 |  57 226315800194     8228
     2500      7s |  39    14245    13141 |  65 198461549196     8228
     3000      9s |  61    13979    13141 |  32 403125011107     8228
     3500     11s |  56    13910    13141 |  40 322500011218     8228
     4000     13s |  54    13957    13141 |  48 232916677146     8228
     4500     16s |  40    13867    13141 |  56 199642867937     8228
     5000     17s |  62    13949    13141 |  64 120937510488     8228
     5500     19s |  41    14143    13141 |  31 333870980326    10954
     6000     21s |  59    13905    13141 |  39 265384627719    10954
     6500     22s |  38    14090    13141 |  47 91914899552     4656
     7000     24s |  52    13719    13141 |  55 93818192129     8228
     7500     26s |  49    13775    13141 |  63 81904772149     8228
     8000     28s |  36    14281    13141 |  30 172000009495     8228
     8500     30s |  28    14142    13141 |  38 135789483952     8228
     9000     32s |  43    14142    13141 |  46 112173923205     8228
     9500     33s |  45    13920    13141 |  54 95555565639     8228
    10000     35s |  61    13864    13141 |  62 83225816786     8228
    10500     36s |  52    13796    13141 |  29 177931044653     8228
    11000     37s |  48    13976    13141 |  37 139459469466     8228
    11500     39s |  36    14393    13141 |  45 16000004140     3528
    12000     40s |  49    13816    13141 |  53 32452840129     8228
    12500     42s |  42    14309    13141 |  61 28196731328     8228
    13000     43s |  65    14050    13141 |  28 61428581351     8228
    13500     44s |  39    13963    13141 |  36 47777787850     8228
    14000     46s |  55    13706    13141 |  44 39090919228     8228
    14500     47s |  34    14172    13141 |  52 33076933116     8228
    15000     48s |  31    14304    13141 |  60 28666676580     8228
    15500     50s |  36    14393    13141 |  27 63703713317     8228
    16000     51s |  52    13854    13141 |  35 49142866840     8228
    16500     52s |  37    14224    13141 |  43 53488383988    10954
    17000     54s |  30    14376    13141 |  51 45098051164    10954
    17500     55s |  27    14439    13141 |  59 38983062501    10954
    18000     57s |  62    13772    13141 |  26 88461550433    10954
    18500     58s |  41    13899    13141 |  34 90588249312    12068
    19000     60s |  65    13712    13141 |  42 73333347002    12068

Search terminated in 60.00s after 19100 iterations.
Best-found solution has cost 13141.

Solution results
================
    # routes: 1
   # clients: 12
   objective: 13141
    distance: 141
    duration: 141
# iterations: 19100
    run-time: 60.00 seconds

*** VRP Solver (Final routes) ***
Maximum path length [km]:
[42.48]
PyVRP v0.10.1

Solving an instance with:
    2 depots
    25 clients
    1 vehicle (1 vehicle type)

                  |       Feasible        |      Infeasible
    Iters    Time |   #      Avg     Best |   #      Avg     Best
H     500      1s |  10    13141    13141 |  33 320000007146     4797
     1000      3s |  53    14215    13141 |  41 461463426156     8483
     1500      4s |  45    14140    13141 |  49 386122460011     8483
     2000      5s |  45    14007    13141 |  57 331929835605     8483
     2500      7s |  30    14207    13141 |  65 198461549422     8483
     3000      8s |  56    13926    13141 |  32 403125011655     8483
     3500      9s |  40    14165    13141 |  40 322500010967     8483
     4000     11s |  38    14166    13141 |  48 268750010763     8483
     4500     12s |  26    14101    13141 |  56 168928582137     8483
     5000     13s |  51    14062    13141 |  64 147812510532     8483
     5500     15s |  42    14069    13141 |  31 249677429535     8483
     6000     16s |  62    13930    13141 |  39 198461549054     8483
     6500     18s |  54    14011    13141 |  47 109787244426     8483
     7000     19s |  34    14081    13141 |  55 93818192310     8483
     7500     20s |  62    14027    13141 |  63 81904772360     8483
     8000     22s |  59    13954    13141 |  30 200666676696     8483
     8500     25s |  58    14174    13141 |  38 45263168219     8483
     9000     27s |  58    14071    13141 |  46 56086966423     8483
     9500     29s |  50    14020    13141 |  54 31851862047     8483
    10000     31s |  32    14015    13141 |  62 27741945645     8483
    10500     33s |  62    14091    13141 |  29 59310354968     8483
    11000     35s |  61    14042    13141 |  37 46486496577     8483
    11500     37s |  43    14187    13141 |  45 38222232402     8483
    12000     38s |  28    14283    13141 |  53 32452840444     8483
    12500     40s |  27    14362    13141 |  61 28196731470     8483
    13000     41s |  53    13951    13141 |  28 61428581334     8483
    13500     43s |  59    14055    13141 |  36 20000004786     3633
    14000     45s |  35    14026    13141 |  44 29090917292     6349
    14500     46s |  65    14109    13141 |  52 33076933234     8483
    15000     48s |  26    14217    13141 |  60 9000003514     2760

Search terminated in 48.63s after 15403 iterations.
Best-found solution has cost 13141.

Solution results
================
    # routes: 1
   # clients: 12
   objective: 13141
    distance: 141
    duration: 141
# iterations: 15403
    run-time: 48.63 seconds

Total WP Routes Temperr [°C]:
12.0
Total All Routes Temperr [°C]:
150.0
