#FRESNEL OPTIMAL PLANNING - GENERATION DATA 
#TIMESTAMP: 2026-05-20 09:52:14.295908 [UTC]
#AUV_NUMBER: 2
#SPEED: 1  [m/s]
#WP_WAITING_TIME: 1  [m]
#ROUTES SPECS:  waypoints(lat, lon, depth) - length_2d(same depth length) - travel_duration(no wp waiting time) - mission_duration(travel_duration + wp waiting time) -  minimum_depth(min depth along the route)
#length_2D: 39.218 [km] travel_duration: 10 [h] 53 [m] mission_duration: 11 [h] 12 [m] minimum_depth: 110.0299 [m]
 39.57266, -9.292792, 110.0299; 39.5964, -9.282099, 134.49353; 39.622784, -9.276752, 229.83484; 39.63334, -9.292792, 315.48074; 39.638615, -9.303485, 349.18256; 39.649166, -9.308832, 302.32928; 39.659718, -9.306158, 250.86972; 39.664997, -9.316852, 211.35274; 39.68874, -9.316852, 151.25851; 39.70193, -9.319525, 137.16707; 39.71776, -9.335565, 134.482; 39.707207, -9.340911, 138.70332; 39.696655, -9.332891, 138.95198; 39.6861, -9.354278, 168.17181; 39.67291, -9.346257, 192.0499; 39.662357, -9.34893, 244.85486; 39.65708, -9.338238, 265.45346; 39.646526, -9.335565, 341.27417; 39.65444, -9.324871, 271.77182; 39.64125, -9.316852, 351.55093; 39.574394, -9.293402, 110.0299; 
#length_2D: 36.881 [km] travel_duration: 10 [h] 14 [m] mission_duration: 10 [h] 39 [m] minimum_depth: 110.99918 [m]
 39.5753, -9.292792, 110.99918; 39.5753, -9.311505, 120.553406; 39.57266, -9.324871, 129.08961; 39.58321, -9.332891, 150.93631; 39.577934, -9.343584, 154.38126; 39.58321, -9.354278, 183.175; 39.57266, -9.354278, 158.66121; 39.57002, -9.367643, 188.12738; 39.57002, -9.38101, 239.13902; 39.58321, -9.402396, 477.93973; 39.593765, -9.397049, 510.082; 39.612232, -9.410416, 694.9873; 39.635975, -9.4077425, 611.1699; 39.64389, -9.397049, 562.4273; 39.646526, -9.383683, 533.7988; 39.65708, -9.38101, 391.03397; 39.65708, -9.359624, 323.106; 39.646526, -9.3516035, 403.5005; 39.635975, -9.356951, 507.719; 39.62806, -9.34893, 451.9141; 39.62806, -9.335565, 386.06754; 39.61487, -9.335565, 356.3693; 39.609592, -9.324871, 292.04407; 39.60168, -9.316852, 219.29213; 39.591125, -9.322198, 181.4083; 39.58585, -9.308832, 134.1046; 39.576466, -9.294566, 110.99918; 
