*** Read File ***
*** Insert Masks ***
*** Point Selection ***
*** VRP Solver (Node number estimation - 60 [s]) ***
Maximum path length [km]:
[43.2]
PyVRP v0.10.1

Solving an instance with:
    2 depots
    305 clients
    1 vehicle (1 vehicle type)

                  |       Feasible        |      Infeasible
    Iters    Time |   #      Avg     Best |   #      Avg     Best
      500     21s |   0        -        - |  33 174545555925    82747
H    1000     29s |  54   137547   133425 |  41   129703   120388
H    1500     35s |  33   135724   133298 |  49   138208   132659
H    2000     38s |  30   134898   132635 |  56   135786   131010
H    2500     40s |  59   136317   132513 |  62   136514   131010
     3000     44s |  61   136076   132513 |  65    86464    73581
     3500     54s |  58   136855   132513 |  32    88557    85831

Search terminated in 60.01s after 3815 iterations.
Best-found solution has cost 132513.

Solution results
================
    # routes: 1
   # clients: 30
   objective: 132513
    distance: 143
    duration: 143
# iterations: 3815
    run-time: 60.01 seconds

*** VRP Solver (Final routes) ***
Maximum path length [km]:
[41.4]
PyVRP v0.10.1

Solving an instance with:
    2 depots
    305 clients
    1 vehicle (1 vehicle type)

                  |       Feasible        |      Infeasible
    Iters    Time |   #      Avg     Best |   #      Avg     Best
H     500     22s |   1   136319   136319 |  33 174545555628    81431
H    1000     32s |  43   138247   134974 |  41   112749   102885
     1500     41s |  49   138393   134974 |  49   110887   102591
     2000     49s |  37   137903   134974 |  57   131664   120880
     2500     55s |  25   136134   134974 |  65   131005   120030
     3000     60s |  51   138078   134974 |  32   131853   120030
     3500     70s |  60   138295   134974 |  40   111067   102026
     4000     80s |  37   137294   134974 |  48   109724   101414
     4500     90s |  49   137994   134974 |  56   109593   101414
H    5000     96s |  65   138153   134102 |  64   132444   121070
H    5500    101s |  34   136633   133288 |  31   134041   120853
     6000    107s |  52   137511   133288 |  39   133749   120853
     6500    112s |  34   136866   133288 |  47   129753   120853
     7000    118s |  45   137319   133288 |  55   130008   120853
     7500    123s |  49   137766   133288 |  63   129342   120790
     8000    129s |  26   135385   133288 |  30   146488   133790
     8500    132s |  53   137103   133288 |  37   136754   133172
     9000    139s |  34   136508   133288 |  44   108056   101671
     9500    149s |  64   138192   133288 |  52   107660   101547
    10000    159s |  48   137577   133288 |  60   107306   101547
    10500    168s |  43   137214   133288 |  27   106518   101547
    11000    179s |  26   135376   133288 |  35   107495   101905
    11500    188s |  57   137937   133288 |  43   107075   101905
    12000    199s |  36   136291   133288 |  51    89668    86161
    12500    207s |  32   135982   133288 |  59   128766   121021
    13000    213s |  64   137913   133288 |  26   127388   120814
H   13500    219s |  42   136674   133199 |  34   140119   133729
H   14000    222s |  35   136375   133083 |  41   137179   132330
    14500    225s |  30   135371   133083 |  43   136405   132330
    15000    228s |  56   136467   133083 |  47   136765   132330
H   15500    231s |  38   135524   133061 |  52   136097   132034
    16000    237s |  27   134643   133061 |  59   107299   103034
    16500    246s |  54   137167   133061 |  26   104431   102640
    17000    255s |  47   137029   133061 |  34   106030   102640
    17500    264s |  32   135645   133061 |  42   106567   101377
    18000    273s |  43   136606   133061 |  50   105800   101377
    18500    282s |  35   135896   133061 |  58   107677   101377
    19000    288s |  37   135900   133061 |  25   122987   119051
    19500    294s |  58   137393   133061 |  33   124402   119051
    20000    299s |  61   137526   133061 |  41   143729   135892
    20500    303s |  52   136609   133061 |  47   138238   132859
    21000    306s |  26   134373   133061 |  53   137659   132859
    21500    309s |  54   136610   133061 |  61   137230   132768
H   22000    316s |  50   137046   132646 |  62   108199   103635
    22500    325s |  62   137601   132646 |  29   107231   103163
    23000    335s |  51   137359   132646 |  37    54766    48190
    23500    344s |  63   137662   132646 |  45   108082   102453
    24000    354s |  40   136083   132646 |  53   107695   102453
    24500    363s |  28   134803   132646 |  61   108021   102078
    25000    372s |  51   137017   132646 |  28   106734   102078
    25500    382s |  62   137878   132646 |  36   106878   100965
    26000    391s |  31   135198   132646 |  44   107725   100965
    26500    400s |  46   136825   132646 |  52   106804   100965
H   27000    409s |  64   137989   132490 |  60   107102   100965
    27500    418s |  49   137204   132490 |  27   105144   100965
    28000    427s |  39   136383   132490 |  35   105432   100965
    28500    436s |  63   137705   132490 |  43   106734   100730
    29000    443s |  33   135759   132490 |  51    69734    59293
    29500    453s |  31   135570   132490 |  59   108160   102382
    30000    464s |  41   136430   132490 |  26    89896    85719
    30500    474s |  60   137022   132490 |  34    87978    85719
    31000    483s |  26   134568   132490 |  42   107875   102215
    31500    492s |  37   136047   132490 |  50   107553   102215
    32000    501s |  52   137486   132490 |  58   108168   102215
    32500    511s |  36   135994   132490 |  25   106222   101346
    33000    520s |  30   135409   132490 |  33   107384   101346
    33500    529s |  62   137949   132490 |  41   107622   101346
    34000    539s |  57   138140   132490 |  49   107039   101346
    34500    548s |  35   136101   132490 |  57   107963   101346
    35000    555s |  56   137346   132490 |  65   130612   122280
    35500    561s |  37   135727   132490 |  32   130198   120353
    36000    566s |  51   137039   132490 |  40   128678   120353
    36500    572s |  41   136571   132490 |  48   129543   120353
    37000    576s |  55   136749   132490 |  56   138922   132446
    37500    580s |  54   136935   132490 |  63   137891   131934
    38000    583s |  43   136012   132490 |  29    80244    73006
    38500    593s |  49   136857   132490 |  37   106885   102067
    39000    603s |  53   137355   132490 |  45   109790   102544
    39500    613s |  64   138193   132490 |  53   109323   102544
    40000    622s |  54   137686   132490 |  61   108577   102006
    40500    631s |  35   136137   132490 |  28   107712   102006
    41000    640s |  55   137164   132490 |  36   108407   102006
    41500    646s |  30   135230   132490 |  44   128000   119943

Search terminated in 649.69s after 41820 iterations.
Best-found solution has cost 132490.

Solution results
================
    # routes: 1
   # clients: 29
   objective: 132490
    distance: 138
    duration: 138
# iterations: 41820
    run-time: 649.69 seconds

Total WP Routes Temperr [°C]:
21.159416
Total All Routes Temperr [°C]:
167.56224
