*** Read File ***
*** Insert Masks ***
*** Point Selection ***
*** VRP Solver (Node number estimation - 60 [s]) ***
Maximum path length [km]:
[43.2]
PyVRP v0.10.1

Solving an instance with:
    2 depots
    305 clients
    1 vehicle (1 vehicle type)

                  |       Feasible        |      Infeasible
    Iters    Time |   #      Avg     Best |   #      Avg     Best
H     500     23s |   2   134570   133914 |  33 320000120098    97005
H    1000     35s |  52   134710   130499 |  25   135285   130273
H    1500     42s |  63   133982   129935 |  28   138663   129555
H    2000     46s |  60   132999   129528 |  56   134701   129061
H    2500     52s |  54   132529   129385 |  48   135411   129022
     3000     58s |  62   132889   129385 |  37   137890   129613

Search terminated in 60.01s after 3173 iterations.
Best-found solution has cost 129385.

Solution results
================
    # routes: 1
   # clients: 25
   objective: 129385
    distance: 144
    duration: 144
# iterations: 3173
    run-time: 60.01 seconds

*** VRP Solver (Final routes) ***
Maximum path length [km]:
[41.7]
PyVRP v0.10.1

Solving an instance with:
    2 depots
    305 clients
    1 vehicle (1 vehicle type)

                  |       Feasible        |      Infeasible
    Iters    Time |   #      Avg     Best |   #      Avg     Best
H     500     27s |   1   145100   145100 |  33 320000121732    94152
H    1000     35s |  37   134378   130888 |  39   145637   131382
     1500     40s |  35   133445   130888 |  28   134949   130649
H    2000     43s |  31   132241   129818 |  31   132706   130103
     2500     49s |  52   133720   129818 |  52   146569   130795
     3000     54s |  64   133179   129818 |  40   135510   130723
     3500     58s |  35   132901   129818 |  60   138800   130816
     4000     63s |  50   134618   129818 |  43   133504   123935
     4500     70s |  56   134172   129818 |  28   133829   130360
     5000     77s |  53   133289   129818 |  55   140334   130972
     5500     86s |  41   134162   129818 |  35   121652   115636
     6000     93s |  35   133625   129818 |  36   123189   116976
     6500    101s |  31   132882   129818 |  31   111191   107366
     7000    106s |  43   133915   129818 |  38   137557   129140
     7500    111s |  35   132472   129818 |  60   138308   129955
     8000    118s |  28   131717   129818 |  49   140078   130476
     8500    126s |  41   133261   129818 |  38   140881   130549
     9000    132s |  40   132973   129818 |  43   139303   130241
H    9500    139s |  53   133204   129775 |  27   133724   129436
    10000    146s |  41   132593   129775 |  42   137568   130555
    10500    153s |  54   133961   129775 |  32   140597   130140
    11000    157s |  61   133646   129775 |  26   132119   129656
    11500    162s |  51   133233   129775 |  41   143080   131076
    12000    167s |  44   133309   129775 |  57   141201   130713
    12500    172s |  58   134038   129775 |  44   135136   130322
    13000    178s |  64   133065   129775 |  32   133712   130014
    13500    187s |  60   132751   129775 |  54   140251   130271
    14000    192s |  50   132636   129775 |  30   132850   129833
    14500    197s |  58   133746   129775 |  53   137068   130266
    15000    202s |  44   133257   129775 |  36   137081   129858
    15500    207s |  25   131719   129775 |  59   148730   130734
    16000    214s |  58   132972   129775 |  31   138229   130681
H   16500    218s |  58   133019   129488 |  39   126127   103463
    17000    225s |  37   132406   129488 |  43   140995   131102
    17500    231s |  33   131899   129488 |  52   141424   129836
    18000    241s |  55   133773   129488 |  48   137361   130694
    18500    247s |  34   131806   129488 |  29   145355   130452
    19000    254s |  27   131700   129488 |  43   123420   117624
    19500    259s |  42   133229   129488 |  27   103787    98039
    20000    264s |  34   131735   129488 |  59   137340   129363
    20500    268s |  42   132661   129488 |  33   134342   129363
    21000    274s |  57   134188   129488 |  29   136818   129939
    21500    279s |  33   132255   129488 |  25   113398   108653
    22000    288s |  44   132379   129488 |  55   137643   129844
    22500    295s |  57   132709   129488 |  42   135257   129929
    23000    303s |  60   133771   129488 |  27   142387   130123
    23500    309s |  64   134329   129488 |  51   147397   130444
    24000    316s |  44   132682   129488 |  36   139505   130047
    24500    322s |  34   132103   129488 |  35   137377   131368
    25000    327s |  26   131209   129488 |  62   143646   130578
    25500    334s |  44   134074   129488 |  48   113932   107226
    26000    345s |  61   133393   129488 |  44   155888   130907
    26500    350s |  64   133435   129488 |  50   138941   130344
    27000    356s |  62   133362   129488 |  33   137259   130377
    27500    362s |  25   131604   129488 |  49   139890   130399
    28000    366s |  29   131678   129488 |  56   136089   129951
    28500    371s |  58   134371   129488 |  29   117255   112743
    29000    376s |  63   133509   129488 |  53   119423   104106
    29500    384s |  30   131882   129488 |  41   133326   124494
    30000    394s |  32   131977   129488 |  28   142776   130356
    30500    399s |  36   131958   129488 |  58   134786   129385
    31000    403s |  61   132908   129488 |  41   133316   129385

Search terminated in 404.40s after 31164 iterations.
Best-found solution has cost 129488.

Solution results
================
    # routes: 1
   # clients: 26
   objective: 129488
    distance: 138
    duration: 138
# iterations: 31164
    run-time: 404.40 seconds

Total WP Routes Temperr [°C]:
18.371141
Total All Routes Temperr [°C]:
160.80861
