*** Read File ***
*** Insert Masks ***
*** Point Selection ***
*** VRP Solver (Node number estimation - 60 [s]) ***
Maximum path length [km]:
[43.2]
PyVRP v0.10.1

Solving an instance with:
    2 depots
    307 clients
    1 vehicle (1 vehicle type)

                  |       Feasible        |      Infeasible
    Iters    Time |   #      Avg     Best |   #      Avg     Best
      500     39s |   0        -        - |  33 218181917537    83786
H    1000     57s |  63   151364   147739 |  41   146106   134391

Search terminated in 60.00s after 1120 iterations.
Best-found solution has cost 147215.

Solution results
================
    # routes: 1
   # clients: 29
   objective: 147215
    distance: 144
    duration: 144
# iterations: 1120
    run-time: 60.00 seconds

*** VRP Solver (Final routes) ***
Maximum path length [km]:
[41.46]
PyVRP v0.10.1

Solving an instance with:
    2 depots
    307 clients
    1 vehicle (1 vehicle type)

                  |       Feasible        |      Infeasible
    Iters    Time |   #      Avg     Best |   #      Avg     Best
      500     43s |   0        -        - |  33 218181917819    84068
H    1000     60s |  32   151116   148293 |  41   146847   133810
H    1500     70s |  27   148624   146959 |  45   150755   146376
H    2000     83s |  28   148563   146135 |  49   141291   133608
     2500     99s |  52   149851   146135 |  54    98867    94362
     3000    126s |  25   147875   146135 |  62   101292    94219
     3500    141s |  39   149921   146135 |  29   119473   112488
     4000    157s |  25   147741   146135 |  37   142844   133221
     4500    170s |  25   147571   146135 |  33   120981   114357
     5000    187s |  30   148968   146135 |  41   122563   114357
     5500    201s |  54   149728   146135 |  49   144569   136063
     6000    214s |  52   150254   146135 |  57   142471   135596
     6500    225s |  61   150907   146135 |  65   141364   133829
     7000    238s |  30   149021   146135 |  32   137416   133383
     7500    249s |  46   150304   146135 |  40   138164   133111
     8000    260s |  62   151355   146135 |  48   139218   132298
H    8500    274s |  36   149058   145981 |  49   125606   117085
     9000    288s |  50   150102   145981 |  57   123879   115895
     9500    304s |  50   150202   145981 |  65   125747   115895
    10000    318s |  35   148905   145981 |  32   144541   139400
    10500    331s |  55   150502   145981 |  40   142469   136580
    11000    340s |  42   149510   145981 |  48   141887   136412
    11500    352s |  50   150536   145981 |  56   142461   136059
    12000    364s |  39   150135   145981 |  64   141525   135678
    12500    374s |  48   150170   145981 |  31   138493   135129
    13000    387s |  49   149253   145981 |  36   118350    83130
    13500    401s |  61   150435   145981 |  44   127049   117066
    14000    419s |  60   151075   145981 |  52    85094    80877
    14500    434s |  42   149503   145981 |  60   130828   118623
    15000    449s |  46   150549   145981 |  27   122238   118345
    15500    462s |  60   150369   145981 |  35   125601   118345
    16000    477s |  61   150307   145981 |  43   128425   118345
    16500    491s |  30   148522   145981 |  51   128633   118345
    17000    505s |  30   148280   145981 |  59   147687   141504
    17500    515s |  36   149234   145981 |  26   143725   139928
    18000    527s |  35   149268   145981 |  33   142320   139155
    18500    538s |  43   149971   145981 |  41   143093   138549
    19000    549s |  59   150543   145981 |  49   143636   138549
    19500    560s |  45   150156   145981 |  57   144022   138549
    20000    569s |  56   150692   145981 |  65   144784   138549
    20500    579s |  65   149623   145981 |  27   150054   145907
    21000    596s |  63   150423   145981 |  34   146955   140251
    21500    608s |  35   148915   145981 |  42   144453   139734
    22000    619s |  42   150147   145981 |  50   143719   139401
H   22500    628s |  45   149493   145889 |  57   144088   139203
    23000    645s |  49   149916   145889 |  65   112296   101626
    23500    664s |  60   151013   145889 |  32   108084   101626
    24000    682s |  64   151219   145889 |  40   109305   101590
    24500    702s |  58   151034   145889 |  48   109986   100652
    25000    714s |  51   149509   145889 |  56   148997   144683
    25500    725s |  65   150991   145889 |  63   147593   143122
H   26000    740s |  33   148687   145878 |  28   130878   124550
    26500    755s |  61   150515   145878 |  36   130725   124404
    27000    763s |  35   148983   145878 |  44   148046   142389
    27500    772s |  50   149752   145878 |  51   147600   142389
    28000    792s |  39   149678   145878 |  59   112757   104444
    28500    808s |  28   147831   145878 |  25   149996   144563
    29000    817s |  27   147693   145878 |  33   113195    85900
    29500    833s |  57   150270   145878 |  41   135578   127564
    30000    844s |  27   147466   145878 |  48   150324   145261
    30500    851s |  54   150400   145878 |  56   150507   145076
    31000    860s |  25   147052   145878 |  52   137833   129666
    31500    869s |  44   149414   145878 |  54   150334   145637
    32000    887s |  47   149911   145878 |  61   119524   110851
    32500    904s |  53   150496   145878 |  28   114101   110646
    33000    921s |  46   149795   145878 |  36   117052   110258
    33500    934s |  32   147959   145878 |  44   152611   145786
    34000    939s |  59   148532   145878 |  46   147838   145525
    34500    945s |  50   149205   145878 |  50   148457   145525
    35000    952s |  50   149625   145878 |  53   149730   145430
    35500    958s |  32   147997   145878 |  58   149095   145430
    36000    964s |  61   149891   145878 |  63   149504   145229
    36500    970s |  29   148149   145878 |  59   155101   146239
    37000    984s |  40   149984   145878 |  58   121726   113353
    37500    993s |  35   148523   145878 |  63   149745   145870
    38000   1008s |  36   149137   145878 |  27   118398   112886
    38500   1023s |  46   149632   145878 |  35   121041   112490
    39000   1040s |  38   149318   145878 |  43   119068   112284
    39500   1052s |  60   150371   145878 |  51   142748   133054
    40000   1064s |  30   148255   145878 |  59   140599   133054
    40500   1076s |  49   149724   145878 |  26   135263   132869

Search terminated in 1079.20s after 40697 iterations.
Best-found solution has cost 145878.

Solution results
================
    # routes: 1
   # clients: 30
   objective: 145878
    distance: 138
    duration: 138
# iterations: 40697
    run-time: 1079.20 seconds

Total WP Routes Temperr [°C]:
22.251163
Total All Routes Temperr [°C]:
174.89685
