*** Read File ***
*** Insert Masks ***
*** Point Selection ***
*** VRP Solver (Node number estimation - 60 [s]) ***
Maximum path length [km]:
[43.2, 43.2]
PyVRP v0.10.1

Solving an instance with:
    4 depots
    317 clients
    2 vehicles (2 vehicle types)

                  |       Feasible        |      Infeasible
    Iters    Time |   #      Avg     Best |   #      Avg     Best
      500     22s |   0        -        - |  33    97461    91598
H    1000     41s |  28   129227   126710 |  41   107779   102119
H    1500     50s |  29   128389   124886 |  30   115310   112002
H    2000     57s |  37   126308   123448 |  49    97477    93195

Search terminated in 60.01s after 2191 iterations.
Best-found solution has cost 123448.

Solution results
================
    # routes: 2
   # clients: 56
   objective: 123448
    distance: 287
    duration: 287
# iterations: 2191
    run-time: 60.01 seconds

*** VRP Solver (Final routes) ***
Maximum path length [km]:
[41.46, 41.46]
PyVRP v0.10.1

Solving an instance with:
    4 depots
    317 clients
    2 vehicles (2 vehicle types)

                  |       Feasible        |      Infeasible
    Iters    Time |   #      Avg     Best |   #      Avg     Best
      500     23s |   0        -        - |  33    96871    90767
H    1000     33s |  58   132267   127806 |  41   133067   114096
H    1500     40s |  51   131003   126687 |  49   125027   114096
H    2000     46s |  55   130992   126137 |  57   125734   114096
     2500     52s |  51   130807   126137 |  65   123017   114096
     3000     58s |  59   130163   126137 |  32   119100   113893
H    3500     69s |  46   129337   125227 |  25    96992    94068
     4000     80s |  49   129597   125227 |  33   106523   103027
     4500     92s |  39   129908   125227 |  41   107255   101557
     5000    101s |  45   129696   125227 |  49   105879   101385
     5500    111s |  35   128006   125227 |  57   119055   113297
H    6000    120s |  39   128803   124877 |  42   108065   101860
     6500    127s |  62   126450   124877 |  32   126265   124490
H    7000    132s |  49   128633   124685 |  57    95920    92825
     7500    142s |  35   128866   124685 |  65   108772   103257
     8000    150s |  46   129619   124685 |  32   105698   102778
     8500    160s |  39   128795   124685 |  40   106014   102425
     9000    170s |  64   128451   124685 |  48   119486   114634
H    9500    178s |  61   129255   124652 |  56    86068    82661
    10000    190s |  43   130088   124652 |  64    95543    93181
    10500    203s |  45   130203   124652 |  31    76119    72915
    11000    220s |  26   127443   124652 |  39   130529   118013
    11500    227s |  34   127989   124652 |  47   123200   116455
H   12000    237s |  56   129219   124327 |  48   122751   117529
    12500    247s |  26   128064   124327 |  56    98820    96395
    13000    263s |  50   130313   124327 |  64    98133    94984
    13500    275s |  62   130441   124327 |  31   109150   105640
    14000    283s |  49   130157   124327 |  39   109444   105640
    14500    291s |  50   129523   124327 |  47   111053   105640
    15000    298s |  31   127879   124327 |  55   112145   105618
    15500    307s |  61   129614   124327 |  63   112695   105599
    16000    318s |  31   127937   124327 |  30   109717   105599
    16500    333s |  38   129362   124327 |  38    69350    61357
    17000    345s |  38   129740   124327 |  46    99593    96294
    17500    358s |  31   128472   124327 |  54    69661    60112
    18000    374s |  63   132063   124327 |  62   101263    95840
    18500    385s |  31   129228   124327 |  29    98574    95837
    19000    394s |  63   129185   124327 |  37   125874   121463
H   19500    406s |  37   128041   124261 |  39   101127    96860
    20000    422s |  35   128572   124261 |  47    99817    96651
    20500    436s |  52   130600   124261 |  55   100011    96420
    21000    447s |  35   128687   124261 |  63   100109    96420
    21500    455s |  55   128076   124261 |  30   123282   120511
    22000    466s |  51   127019   124261 |  53   135273   124752
    22500    474s |  59   126546   124261 |  36   124916   122879
    23000    482s |  26   125970   124261 |  52   105829    99600
    23500    488s |  26   126222   124261 |  31   116459   112597
    24000    495s |  26   126447   124261 |  62   105711   100773
    24500    503s |  28   126886   124261 |  63   117346   112354
    25000    515s |  39   128788   124261 |  47   118362   113766
    25500    524s |  51   127530   124261 |  38   127462   123147
    26000    534s |  48   129726   124261 |  27   104472   101301
    26500    543s |  57   129669   124261 |  29    94312    91429
    27000    550s |  41   129229   124261 |  61   106222   101873
    27500    560s |  65   130629   124261 |  28   104878   101572
    28000    570s |  32   127317   124261 |  36   116710   112387
    28500    577s |  41   127602   124261 |  44   117023   112269
    29000    586s |  28   126680   124261 |  43   106189   101218
    29500    595s |  51   129618   124261 |  51   105528   101218
    30000    603s |  39   128252   124261 |  59   107654   100743
    30500    615s |  48   129445   124261 |  26   103379   100743
    31000    625s |  25   126124   124261 |  34   104460   100743
    31500    636s |  43   128565   124261 |  42    74517    69752
    32000    647s |  57   130480   124261 |  50   107421   102087
    32500    659s |  53   129607   124261 |  58   120468   113433
    33000    668s |  62   129430   124261 |  25   115268   112982
    33500    675s |  29   126857   124261 |  33   116113   112464
    34000    682s |  36   127336   124261 |  41   116158   112452

Search terminated in 683.01s after 34039 iterations.
Best-found solution has cost 124261.

Solution results
================
    # routes: 2
   # clients: 55
   objective: 124261
    distance: 276
    duration: 276
# iterations: 34039
    run-time: 683.01 seconds

Total WP Routes Temperr [°C]:
36.79341
Total All Routes Temperr [°C]:
300.7494
