*** Read File ***
*** Insert Masks ***
*** Point Selection ***
*** VRP Solver (Node number estimation - 60 [s]) ***
Maximum path length [km]:
[43.2]
PyVRP v0.10.1

Solving an instance with:
    2 depots
    316 clients
    1 vehicle (1 vehicle type)

                  |       Feasible        |      Infeasible
    Iters    Time |   #      Avg     Best |   #      Avg     Best
      500     33s |   0        -        - |  33 203636532365   128016

Search terminated in 60.08s after 841 iterations.
Best-found solution has cost inf.

Solution results
================
    # routes: 1
   # clients: 163
   objective: INFEASIBLE
    distance: 220000006751
    duration: 220000006751
# iterations: 841
    run-time: 60.08 seconds

*** VRP Solver (Final routes) ***
Maximum path length [km]:
[33.42]
PyVRP v0.10.1

Solving an instance with:
    2 depots
    316 clients
    1 vehicle (1 vehicle type)

                  |       Feasible        |      Infeasible
    Iters    Time |   #      Avg     Best |   #      Avg     Best
      500     32s |   0        -        - |  33 203636533916   129567
H    1000     69s |  14  1631164  1610547 |  41  1618610  1350038
H    1500     81s |  35  1612964  1587773 |  38  1529605  1481598
H    2000     90s |  34  1600210  1571449 |  43  1616861  1570320
     2500     96s |  46  1607518  1571449 |  44  1328343  1222102
     3000    111s |  62  1614733  1571449 |  52  1410973  1345639
     3500    125s |  32  1600815  1571449 |  59  1258124  1207970
     4000    135s |  35  1598217  1571449 |  26  1574306  1518309
     4500    146s |  39  1597702  1571449 |  31  1646317  1574368
     5000    153s |  45  1601907  1571449 |  37  1614914  1574364
     5500    157s |  54  1602747  1571449 |  34  1610297  1572245
     6000    165s |  45  1601863  1571449 |  36  1609862  1571250
     6500    171s |  38  1599313  1571449 |  38  1607907  1568861
H    7000    177s |  42  1604438  1570331 |  36  1289379  1242908
     7500    192s |  58  1610095  1570331 |  44  1604097  1550409
     8000    200s |  31  1591743  1570331 |  49  1659247  1577357
     8500    212s |  27  1589580  1570331 |  51  1293516  1251194
     9000    226s |  30  1593975  1570331 |  59  1291443  1245881
     9500    242s |  63  1619590  1570331 |  26  1261686  1240495
    10000    259s |  61  1614786  1570331 |  34  1281645  1233381
    10500    273s |  39  1607727  1570331 |  42  1451407  1396983
    11000    284s |  26  1592276  1570331 |  50  1618274  1529366
    11500    293s |  26  1587783  1570331 |  56  1624137  1569991
    12000    301s |  59  1604340  1570331 |  48  1623806  1569197
    12500    313s |  46  1603109  1570331 |  51  1497894  1421767
    13000    325s |  55  1609856  1570331 |  58  1647216  1553563
H   13500    334s |  65  1609108  1570328 |  64  1620139  1542210
    14000    345s |  43  1600209  1570328 |  30  1586164  1542210
    14500    352s |  41  1594186  1570328 |  32  1636701  1576281
    15000    362s |  55  1609223  1570328 |  62  1367512  1319006
    15500    374s |  30  1588701  1570328 |  29  1644222  1578132
    16000    384s |  65  1603854  1570328 |  65  1662387  1575654
    16500    395s |  47  1605404  1570328 |  27  1491788  1443576
    17000    408s |  30  1589219  1570328 |  33  1609720  1565389
    17500    415s |  34  1591405  1570328 |  40  1604313  1562666
    18000    424s |  37  1598388  1570328 |  47  1592826  1557401
    18500    433s |  51  1603535  1570328 |  54  1602544  1552919
    19000    440s |  65  1609041  1570328 |  59  1601772  1552919
    19500    451s |  40  1597504  1570328 |  26  1576562  1552919
    20000    462s |  32  1591782  1570328 |  28  1371652  1313900
    20500    477s |  25  1580598  1570328 |  36  1526053  1441637
    21000    483s |  35  1587134  1570328 |  40  1602272  1568354
    21500    499s |  51  1603371  1570328 |  46  1209935  1171253
    22000    517s |  45  1603480  1570328 |  54  1214649  1165702
    22500    535s |  29  1586472  1570328 |  62  1207282  1161775
    23000    554s |  35  1597500  1570328 |  29  1185384  1157689
    23500    568s |  39  1597758  1570328 |  37  1558395  1499497
    24000    581s |  45  1600108  1570328 |  45  1535627  1467552
    24500    590s |  33  1596591  1570328 |  52  1232406  1198800
    25000    607s |  59  1610298  1570328 |  60  1422902  1342617
    25500    619s |  35  1590469  1570328 |  25  1626268  1565227
    26000    625s |  47  1597387  1570328 |  29  1595656  1565227
    26500    630s |  30  1584527  1570328 |  28  1591190  1565227
    27000    638s |  47  1597255  1570328 |  25  1625045  1565802
    27500    648s |  60  1606204  1570328 |  33  1545230  1503084
    28000    657s |  59  1599993  1570328 |  36  1617246  1567704
H   28500    665s |  32  1583999  1570308 |  36  1611582  1567704
    29000    670s |  46  1593736  1570308 |  35  1614750  1566687
H   29500    676s |  42  1594107  1570246 |  39  1603661  1566687
    30000    687s |  38  1599193  1570246 |  41  1254964  1222305
    30500    699s |  47  1598189  1570246 |  49  1577596  1521962
    31000    709s |  47  1603027  1570246 |  57  1582066  1518611
    31500    720s |  37  1595333  1570246 |  65  1594495  1518465
    32000    730s |  30  1586377  1570246 |  32  1567998  1514356
    32500    739s |  42  1595381  1570246 |  40  1646022  1581150
    33000    752s |  37  1596661  1570246 |  47  1610966  1531815
    33500    763s |  57  1604040  1570246 |  55  1157590  1101845
    34000    776s |  64  1608406  1570246 |  63  1625858  1562872
    34500    788s |  29  1581560  1570246 |  29  1118122  1023054
    35000    802s |  57  1605775  1570246 |  37  1487855  1434369
    35500    816s |  37  1595893  1570246 |  45  1498556  1429729
    36000    826s |  51  1608844  1570246 |  51  1343686  1296852
    36500    837s |  30  1582375  1570246 |  52  1647436  1578019
    37000    846s |  55  1605491  1570246 |  43  1691319  1564766
    37500    856s |  37  1592114  1570246 |  48  1617004  1562635
    38000    863s |  35  1588756  1570246 |  54  1743832  1576656
    38500    871s |  59  1609899  1570246 |  47  1250725  1200777
    39000    885s |  60  1605754  1570246 |  55  1697817  1573595
    39500    899s |  42  1600494  1570246 |  61  1215668  1178919
    40000    917s |  25  1577108  1570246 |  28  1196360  1162976
    40500    928s |  46  1597175  1570246 |  35  1671602  1580215
    41000    936s |  52  1596369  1570246 |  53  1645455  1576422
    41500    949s |  62  1607232  1570246 |  56  1560199  1497594
    42000    959s |  65  1600302  1570246 |  59  1620850  1568777
    42500    971s |  35  1591993  1570246 |  25  1553126  1505675
    43000    982s |  31  1588104  1570246 |  27  1605039  1573346
    43500    988s |  57  1599005  1570246 |  61  1612281  1571310
    44000   1003s |  26  1579264  1570246 |  25  1418866  1383271

Search terminated in 1003.61s after 44025 iterations.
Best-found solution has cost 1570246.

Solution results
================
    # routes: 1
   # clients: 24
   objective: 1570246
    distance: 111
    duration: 111
# iterations: 44025
    run-time: 1003.61 seconds

Total WP Routes Temperr [°C]:
18.730423
Total All Routes Temperr [°C]:
158.03618
