*** Read File ***
*** Insert Masks ***
*** Point Selection ***
*** VRP Solver (Node number estimation - 60 [s]) ***
Maximum path length [km]:
[43.2]
PyVRP v0.10.1

Solving an instance with:
    2 depots
    312 clients
    1 vehicle (1 vehicle type)

                  |       Feasible        |      Infeasible
    Iters    Time |   #      Avg     Best |   #      Avg     Best
      500     17s |   0        -        - |  33 290909246962   119469
H    1000     34s |  21  1519317  1473434 |  41 4380489457547  1283758
H    1500     38s |  57  1489284  1449373 |  65  1412704  1137696
     2000     45s |  29  1477041  1449373 |  32  1266158  1225993
     2500     51s |  47  1491203  1449373 |  40  1429557  1373020
     3000     56s |  28  1476973  1449373 |  48  1444980  1373020
     3500     60s |  54  1493887  1449373 |  42  1317760  1262176

Search terminated in 60.02s after 3521 iterations.
Best-found solution has cost 1449373.

Solution results
================
    # routes: 1
   # clients: 29
   objective: 1449373
    distance: 143
    duration: 143
# iterations: 3521
    run-time: 60.02 seconds

*** VRP Solver (Final routes) ***
Maximum path length [km]:
[41.46]
PyVRP v0.10.1

Solving an instance with:
    2 depots
    312 clients
    1 vehicle (1 vehicle type)

                  |       Feasible        |      Infeasible
    Iters    Time |   #      Avg     Best |   #      Avg     Best
      500     17s |   0        -        - |  33 290909247244   119751
H    1000     34s |  17  1532747  1502205 |  41 4380489467462  1242985
H    1500     39s |  35  1491859  1463217 |  48  1514918  1445128
     2000     42s |  47  1491405  1463217 |  45  1536056  1463520
     2500     48s |  62  1496947  1463217 |  50  1532776  1451012
H    3000     51s |  25  1473266  1462052 |  54  1531810  1451012
     3500     55s |  52  1493734  1462052 |  57  1545993  1448087
     4000     59s |  43  1493186  1462052 |  63  1460849  1393382
H    4500     64s |  58  1501027  1462030 |  30  1431024  1393382
     5000     68s |  45  1490863  1462030 |  32  1540276  1458113
     5500     72s |  27  1476570  1462030 |  33  1319682  1281410
     6000     77s |  51  1492313  1462030 |  39  1518015  1461944
     6500     80s |  36  1486857  1462030 |  36  1513048  1456304
H    7000     84s |  38  1485968  1459870 |  31  1510868  1449916
     7500     87s |  51  1497970  1459870 |  31  1360357  1054386
H    8000     92s |  65  1499895  1457860 |  38  1565350  1473110
     8500     95s |  36  1482991  1457860 |  37  1513768  1458463
     9000    100s |  29  1479108  1457860 |  40  1483041  1424400
     9500    104s |  35  1478696  1457860 |  39  1510040  1457002
H   10000    107s |  59  1486833  1457284 |  30  1487810  1453871
    10500    113s |  51  1493388  1457284 |  31  1243225  1201536
    11000    117s |  28  1471704  1457284 |  38  1578927  1456825
    11500    121s |  33  1473526  1457284 |  37  1611523  1460732
    12000    125s |  45  1487542  1457284 |  60  1284053  1225468
    12500    130s |  29  1474163  1457284 |  65  1524656  1451609
    13000    133s |  32  1476531  1457284 |  31  1516563  1442728
    13500    137s |  28  1471039  1457284 |  35 454001509271  1441244
    14000    141s |  38  1482190  1457284 |  38  1511097  1441244
    14500    144s |  40  1480662  1457284 |  36  1498818  1441244
    15000    148s |  53  1487931  1457284 |  40  1491872  1441244
    15500    151s |  28  1472330  1457284 |  44  1515659  1441244
    16000    157s |  35  1484791  1457284 |  45  1291579  1235658
    16500    161s |  62  1493272  1457284 |  46  1517977  1456121
    17000    164s |  49  1482047  1457284 |  30  1506432  1458532
    17500    168s |  65  1491591  1457284 |  28  1525213  1460169
H   18000    171s |  54  1484149  1455767 |  26  1496125  1448604
    18500    174s |  62  1483797  1455767 |  56  1532092  1451474
    19000    177s |  28  1469405  1455767 |  31  1324460  1262982
    19500    183s |  53  1489298  1455767 |  39  1469752  1404319
    20000    188s |  65  1495142  1455767 |  40  1473629  1414646
H   20500    195s |  62  1499307  1454311 |  46  1362931  1300396
H   21000    201s |  56  1492532  1453853 |  53  1371580  1303060
    21500    205s |  41  1485836  1453853 |  57  1552799  1455622
    22000    208s |  52  1484062  1453853 |  48  1502297  1452143
    22500    214s |  42  1485438  1453853 |  48  1601131  1457863
    23000    217s |  59  1486469  1453853 |  37  1509934  1451186
H   23500    220s |  65  1489331  1451731 |  62  1524857  1451186
    24000    224s |  59  1495131  1451731 |  57  1412270  1337641
    24500    228s |  43  1487695  1451731 |  62  1508252  1438459
    25000    231s |  25  1465165  1451731 |  56  1510111  1454206
    25500    234s |  27  1466808  1451731 |  44  1505530  1451599
    26000    237s |  47  1481212  1451731 |  35  1499818  1451599
    26500    241s |  42  1491672  1451731 |  25  1255994  1214125
    27000    246s |  25  1465271  1451731 |  30  1526712  1445792
    27500    249s |  60  1493002  1451731 |  34  1511748  1445792
    28000    253s |  50  1482964  1451731 |  28  1557099  1452338
H   28500    255s |  56  1481954  1449094 |  55  1513521  1448637
    29000    259s |  57  1492934  1449094 |  44  1280412  1219373
    29500    264s |  35  1476968  1449094 |  50  1513599  1453945
    30000    268s |  25  1459649  1449094 |  47  1303449  1246852
    30500    272s |  31  1469230  1449094 |  43  1536324  1449349
    31000    277s |  48  1484691  1449094 |  29  1449608  1400190
    31500    280s |  50  1480286  1449094 |  25  1498489  1452151
    32000    283s |  25  1460470  1449094 |  64  1511513  1447807
    32500    287s |  35  1475834  1449094 |  65  1512099  1447807
    33000    290s |  47  1486919  1449094 |  65  1522245  1447807
    33500    293s |  30  1470080  1449094 |  65  1518513  1447807
    34000    299s |  62  1497793  1449094 |  28  1306691  1265917
    34500    303s |  38  1475516  1449094 |  30  1503356  1459705
    35000    307s |  52  1486168  1449094 |  60  1262891  1011194
    35500    311s |  33  1473077  1449094 |  60  1514167  1452466
    36000    317s |  32  1476792  1449094 |  60  1361360  1302304
    36500    322s |  62  1496073  1449094 |  27  1488973  1434935
    37000    326s |  53  1483159  1449094 |  31  1508992  1454865
    37500    330s |  32  1474951  1449094 |  30  1373006  1331310
    38000    335s |  56  1486381  1449094 |  37  1510834  1442075
    38500    339s |  52  1492449  1449094 |  43  1467284  1421009
    39000    343s |  51  1487491  1449094 |  46  1476928  1421009
    39500    347s |  28  1467242  1449094 |  47  1547428  1453826
    40000    350s |  35  1470182  1449094 |  34  1507557  1453826
    40500    353s |  57  1485217  1449094 |  29  1500166  1453280
    41000    358s |  28  1466784  1449094 |  29  1374989  1325733
    41500    363s |  61  1490594  1449094 |  36  1501335  1449344
    42000    367s |  56  1489010  1449094 |  43  1501760  1440664
    42500    372s |  52  1492313  1449094 |  39  1529274  1449205
    43000    375s |  25  1461652  1449094 |  28  1521026  1458975

Search terminated in 381.43s after 43482 iterations.
Best-found solution has cost 1449094.

Solution results
================
    # routes: 1
   # clients: 30
   objective: 1449094
    distance: 138
    duration: 138
# iterations: 43482
    run-time: 381.43 seconds

Total WP Routes Temperr [°C]:
21.782118
Total All Routes Temperr [°C]:
193.37204
