*** Read File ***
*** Insert Masks ***
*** Point Selection ***
*** VRP Solver (Node number estimation - 60 [s]) ***
Maximum path length [km]:
[43.2]
PyVRP v0.10.1

Solving an instance with:
    2 depots
    307 clients
    1 vehicle (1 vehicle type)

                  |       Feasible        |      Infeasible
    Iters    Time |   #      Avg     Best |   #      Avg     Best
      500     29s |   0        -        - |  33 218181917537    83786
H    1000     41s |  63   151364   147739 |  41   146106   134391
H    1500     50s |  49   150535   147215 |  49   144007   133891
H    2000     55s |  32   148515   146284 |  53   148771   145286
H    2500     60s |  55   150090   145317 |  54   159176   145346

Search terminated in 60.01s after 2538 iterations.
Best-found solution has cost 145317.

Solution results
================
    # routes: 1
   # clients: 31
   objective: 145317
    distance: 143
    duration: 143
# iterations: 2538
    run-time: 60.01 seconds

*** VRP Solver (Final routes) ***
Maximum path length [km]:
[41.34]
PyVRP v0.10.1

Solving an instance with:
    2 depots
    307 clients
    1 vehicle (1 vehicle type)

                  |       Feasible        |      Infeasible
    Iters    Time |   #      Avg     Best |   #      Avg     Best
      500     30s |   0        -        - |  33 218181917866    84115
H    1000     42s |  57   151941   148092 |  41   143370   134262
H    1500     52s |  64   152171   146813 |  46   121303   114155
H    2000     60s |  41   150901   146534 |  54   138944   133451
     2500     69s |  47   150776   146534 |  62   139535   133243
H    3000     77s |  57   150941   146497 |  29   136024   132920
     3500     86s |  26   148206   146497 |  37   135900   132512
     4000     94s |  44   150397   146497 |  45   136874   132512
     4500    102s |  64   151221   146497 |  53   138340   132308
     5000    110s |  31   149024   146497 |  61   139305   132308
     5500    118s |  56   150883   146497 |  62   121530   113520
     6000    130s |  50   150566   146497 |  29   137448   133010
H    6500    135s |  32   148386   146399 |  30   148140   145729
H    7000    140s |  25   147353   146172 |  28   147303   145729
     7500    144s |  45   149275   146172 |  29   147127   145729
     8000    150s |  39   149148   146172 |  31    98982    94302
     8500    164s |  42   149947   146172 |  39   119582   113930
     9000    175s |  44   149644   146172 |  47   141421   135163
     9500    183s |  27   147869   146172 |  55   139637   134711
    10000    190s |  42   149795   146172 |  60   150904   146104
    10500    199s |  51   149945   146172 |  61   101584    94371
    11000    211s |  36   149210   146172 |  28   139540   134045
    11500    220s |  46   149451   146172 |  36   139480   133315
    12000    229s |  57   150733   146172 |  44   140217   133315
    12500    234s |  32   148446   146172 |  49   149726   146213
    13000    244s |  38   148663   146172 |  54   150492   146097
    13500    256s |  45   150220   146172 |  59   141527   133484
    14000    265s |  25   147343   146172 |  26   138293   132952
    14500    273s |  36   149187   146172 |  34   138632   132504
    15000    282s |  36   149167   146172 |  42   138225   132504
    15500    288s |  47   149629   146172 |  43   150731   145886
H   16000    292s |  42   149128   146107 |  42   148507   145811
    16500    296s |  45   148864   146107 |  43   148975   145811
    17000    301s |  30   147673   146107 |  42   149086   145811
    17500    316s |  28   147365   146107 |  49   100369    94388
    18000    330s |  29   147916   146107 |  57   122848   112640
    18500    342s |  45   149460   146107 |  65   122731   112640
    19000    352s |  49   150382   146107 |  32   138537   133939
    19500    360s |  61   150796   146107 |  40   137955   131982
    20000    368s |  37   149357   146107 |  48   137418   131982
    20500    378s |  50   150279   146107 |  56   138810   131982
    21000    386s |  36   148775   146107 |  64   139359   131982
    21500    395s |  26   147251   146107 |  31   135045   131982
    22000    404s |  52   150136   146107 |  39   136718   131905
    22500    413s |  45   149601   146107 |  47   138480   131905
    23000    422s |  50   150273   146107 |  55   137895   131666
    23500    431s |  43   150027   146107 |  63   138115   131666
    24000    440s |  60   150933   146107 |  30   135175   131666
H   24500    445s |  33   148085   146082 |  35   148573   145886
    25000    449s |  63   149415   146082 |  38   148218   145749
H   25500    453s |  53   148837   145998 |  43   148348   145749
    26000    462s |  35   148914   145998 |  48   121518   114497
    26500    474s |  45   149696   145998 |  56   143198   135577
    27000    483s |  54   149994   145998 |  64   140970   133442
    27500    492s |  30   147657   145998 |  31   135791   132947
    28000    501s |  48   150376   145998 |  39   137525   132942
    28500    510s |  27   147121   145998 |  47   139061   132108
    29000    518s |  48   149820   145998 |  55   139156   132108
    29500    524s |  59   149423   145998 |  57   119635    79139
    30000    537s |  33   147954   145998 |  65   144049   136753
    30500    546s |  60   149845   145998 |  32   158041   146717
    31000    550s |  64   149269   145998 |  37   148833   145770
    31500    554s |  59   149317   145998 |  40   149521   145749
H   32000    562s |  31   148054   145970 |  37   103496    97589
    32500    576s |  28   147588   145970 |  45   122947   114663
    33000    588s |  64   149922   145970 |  53   142749   135681
    33500    597s |  56   150379   145970 |  61   142305   135270
    34000    608s |  41   149366   145970 |  27   100719    97246
    34500    621s |  27   147373   145970 |  35   124938   117842
    35000    631s |  44   149623   145970 |  43   124611   117186
    35500    641s |  47   149939   145970 |  51   125972   117186
    36000    651s |  27   147399   145970 |  59   126680   116464
    36500    665s |  35   148928   145970 |  26   102529    99229
    37000    678s |  51   150388   145970 |  34   126866   119827
    37500    688s |  30   148183   145970 |  42   128157   119049
    38000    698s |  39   149468   145970 |  50   127930   119049
    38500    706s |  63   150818   145970 |  58   146122   139570
    39000    714s |  60   150635   145970 |  25   141195   138345
    39500    722s |  33   148708   145970 |  33   143080   138345
    40000    729s |  55   150636   145970 |  41   142750   138345
    40500    737s |  61   150850   145970 |  49   143379   138345
    41000    744s |  31   148154   145970 |  53   151631   146094
    41500    751s |  39   149287   145970 |  51   107746   100565
    42000    766s |  57   150712   145970 |  59   107648   100565
    42500    776s |  56   149930   145970 |  26   125023   120867
    43000    784s |  33   148275   145970 |  34   148238   142560
    43500    792s |  45   149986   145970 |  42   146335   141176
    44000    800s |  59   150743   145970 |  50   146125   140684
    44500    808s |  28   147568   145970 |  58   145469   140588
    45000    812s |  45   148192   145970 |  57   150607   145854
    45500    815s |  28   147563   145970 |  52   149864   145854
    46000    824s |  63   150846   145970 |  55   112731   103353
    46500    834s |  26   146896   145970 |  63   148102   143175

Search terminated in 835.32s after 46624 iterations.
Best-found solution has cost 145970.

Solution results
================
    # routes: 1
   # clients: 30
   objective: 145970
    distance: 136
    duration: 136
# iterations: 46624
    run-time: 835.32 seconds

Total WP Routes Temperr [°C]:
22.15869
Total All Routes Temperr [°C]:
156.3946
