*** Read File ***
*** Insert Masks ***
*** Point Selection ***
*** VRP Solver (Node number estimation - 60 [s]) ***
Maximum path length [km]:
[43.2]
PyVRP v0.10.1

Solving an instance with:
    2 depots
    308 clients
    1 vehicle (1 vehicle type)

                  |       Feasible        |      Infeasible
    Iters    Time |   #      Avg     Best |   #      Avg     Best
H     500     19s |   3   126311   125345 |  33   118970    84538
H    1000     24s |  58   121259   117328 |  58   114335   107081
H    1500     28s |  55   119862   116949 |  58   121282   116741
H    2000     31s |  56   119708   116459 |  28   119944   116220
H    2500     35s |  38   119572   116409 |  52   124499   116834
     3000     40s |  57   119634   116409 |  65   125077   117277
     3500     44s |  56   120204   116409 |  61   123091   115702
H    4000     47s |  61   120433   116353 |  26   118154   115702
     4500     51s |  65   120053   116353 |  45   122442   116943
     5000     55s |  58   119946   116353 |  28   123640   116399
     5500     59s |  62   120596   116353 |  41   100799    97082

Search terminated in 60.01s after 5609 iterations.
Best-found solution has cost 116353.

Solution results
================
    # routes: 1
   # clients: 26
   objective: 116353
    distance: 144
    duration: 144
# iterations: 5609
    run-time: 60.01 seconds

*** VRP Solver (Final routes) ***
Maximum path length [km]:
[41.64]
PyVRP v0.10.1

Solving an instance with:
    2 depots
    308 clients
    1 vehicle (1 vehicle type)

                  |       Feasible        |      Infeasible
    Iters    Time |   #      Avg     Best |   #      Avg     Best
H     500     19s |   4   125141   122821 |  33   115658    90353
H    1000     24s |  27   120774   117957 |  45   129448   119109
H    1500     28s |  53   121305   117798 |  33   111612   102349
     2000     32s |  31   120299   117798 |  30   124668   118118
     2500     36s |  49   121766   117798 |  64   145963   120736
     3000     39s |  41   121043   117798 |  41   108926   102907
     3500     42s |  43   120697   117798 |  45   123532   117492
     4000     45s |  60   120994   117798 |  44   128401   117574
     4500     49s |  46   122018   117798 |  25   102260    96791
H    5000     53s |  58   120642   117397 |  32   123534   117562
     5500     56s |  34   119732   117397 |  26   120425   117558
     6000     59s |  38   120055   117397 |  25   119219   117524
H    6500     63s |  50   121116   117058 |  59   149179   118548
     7000     66s |  57   120866   117058 |  47   124070   117545
     7500     70s |  51   121484   117058 |  42   113195   107268
     8000     76s |  31   120112   117058 |  38   115497   109184
     8500     81s |  33   120122   117058 |  61   118078   109382
     9000     87s |  28   119455   117058 |  48   141660   119842
     9500     93s |  40   119763   117058 |  35   125204   118392
    10000     97s |  45   119994   117058 |  60   132563   118193
    10500    101s |  47   120021   117058 |  41   123697   116977
    11000    105s |  49   120625   117058 |  55   138026   117598
    11500    109s |  36   119716   117058 |  28   130339   118295
    12000    113s |  26   118951   117058 |  58   128306   117091
    12500    116s |  52   120397   117058 |  30   124540   117147
    13000    120s |  30   119540   117058 |  52   125736   118589
    13500    124s |  43   119804   117058 |  36   124521   117912
    14000    128s |  54   120822   117058 |  52   127194   118002
    14500    131s |  57   120482   117058 |  47   120357   117172
    15000    134s |  55   120637   117058 |  44   122375   117172
    15500    137s |  61   120468   117058 |  32   114486    98768
    16000    141s |  26   119003   117058 |  49   113313   107171
    16500    146s |  42   120557   117058 |  32   116027   109202
H   17000    150s |  49   121030   116991 |  56   101698    94704
    17500    154s |  64   121527   116991 |  60   108035   102813
    18000    157s |  32   119362   116991 |  35   123114   117194
    18500    161s |  47   120694   116991 |  59   124708   117285
    19000    164s |  55   121007   116991 |  60   118896   112677
    19500    167s |  65   121235   116991 |  37   123868   116700
H   20000    170s |  46   121128   116944 |  58   109590    97181
    20500    174s |  44   120101   116944 |  44   126641   117516
    21000    178s |  47   121615   116944 |  52   104444    98612
    21500    181s |  48   120525   116944 |  52   124862   117625
    22000    185s |  38   119984   116944 |  44   123532   117355
    22500    189s |  33   119724   116944 |  41   123964   117368
    23000    192s |  33   119697   116944 |  25   120832   116764
    23500    195s |  45   120964   116944 |  46   115162   109220
    24000    198s |  34   119501   116944 |  37   103165    95012
    24500    203s |  51   120561   116944 |  52   125422   118013
    25000    207s |  46   120905   116944 |  37   126988   118187
    25500    209s |  33   119298   116944 |  49   121538   117423
    26000    213s |  31   119565   116944 |  33   118609   112264
    26500    217s |  49   120448   116944 |  37   121146   117023
    27000    220s |  41   119769   116944 |  37   120962   116870
    27500    224s |  65   121539   116944 |  28   132696   118278
    28000    227s |  26   118603   116944 |  60   103148    98741
    28500    231s |  48   120192   116944 |  57   123251   117364
    29000    235s |  60   122167   116944 |  54   113739   106919
    29500    239s |  38   119958   116944 |  40   126804   117117
    30000    243s |  59   120995   116944 |  60   121707   117625
    30500    247s |  65   122384   116944 |  35   116484   110336
    31000    251s |  25   118336   116944 |  31   129998   117159
    31500    255s |  51   120213   116944 |  49   124175   117970
    32000    259s |  32   119534   116944 |  36   129877   118994
    32500    263s |  38   120666   116944 |  48   111613   104215
    33000    266s |  30   119142   116944 |  47   123000   116999
    33500    270s |  62   121425   116944 |  49   132344   117383
    34000    273s |  56   120700   116944 |  41   124631   117084
    34500    276s |  57   120377   116944 |  32   120127   117084

Search terminated in 276.51s after 34583 iterations.
Best-found solution has cost 116944.

Solution results
================
    # routes: 1
   # clients: 26
   objective: 116944
    distance: 138
    duration: 138
# iterations: 34583
    run-time: 276.51 seconds

Total WP Routes Temperr [°C]:
17.944344
Total All Routes Temperr [°C]:
159.47893
