*** Read File ***
*** Insert Masks ***
*** Point Selection ***
*** VRP Solver (Node number estimation - 60 [s]) ***
Maximum path length [km]:
[43.2]
PyVRP v0.10.1

Solving an instance with:
    2 depots
    317 clients
    1 vehicle (1 vehicle type)

                  |       Feasible        |      Infeasible
    Iters    Time |   #      Avg     Best |   #      Avg     Best
      500     18s |   0        -        - |  33 232727438316   123984
H    1000     38s |   7  1689146  1633517 |  41 3504392173532  1449208
H    1500     45s |  48  1637130  1605466 |  44  1655478  1603826
     2000     51s |  62  1654059  1605466 |  48  1446464  1379032
H    2500     56s |  35  1636426  1601837 |  54  1301087  1257827

Search terminated in 60.01s after 2703 iterations.
Best-found solution has cost 1601837.

Solution results
================
    # routes: 1
   # clients: 31
   objective: 1601837
    distance: 143
    duration: 143
# iterations: 2703
    run-time: 60.01 seconds

*** VRP Solver (Final routes) ***
Maximum path length [km]:
[41.34]
PyVRP v0.10.1

Solving an instance with:
    2 depots
    317 clients
    1 vehicle (1 vehicle type)

                  |       Feasible        |      Infeasible
    Iters    Time |   #      Avg     Best |   #      Avg     Best
      500     18s |   0        -        - |  33 232727438645   124313
H    1000     37s |   7  1713415  1678008 |  41 3504392148300  1528896
H    1500     44s |  47  1655611  1614995 |  29  1432460  1379523
     2000     48s |  35  1638029  1614995 |  34  1634650  1607425
     2500     53s |  34  1640770  1614995 |  37  1300087  1266870
     3000     61s |  62  1664594  1614995 |  45  1292918  1233389
     3500     70s |  54  1658971  1614995 |  53  1627436  1539381
     4000     75s |  56  1654906  1614995 |  61  1600066  1531755
     4500     79s |  52  1648293  1614995 |  27  1660921  1611645
H    5000     83s |  50  1641945  1613561 |  29  1628999  1611645
     5500     89s |  58  1660263  1613561 |  33  1294670  1258108
     6000     96s |  48  1652725  1613561 |  41  1635326  1557217
     6500    101s |  56  1656542  1613561 |  46  1734069  1618485
     7000    104s |  47  1645324  1613561 |  44  1644077  1613576
     7500    110s |  35  1652655  1613561 |  45  1332135  1257817
     8000    116s |  55  1654911  1613561 |  53  1632242  1570406
     8500    121s |  55  1658334  1613561 |  61  1627009  1569897
     9000    125s |  38  1637593  1613561 |  57  1666873  1610610
     9500    131s |  25  1631938  1613561 |  57  1508450  1437141
H   10000    137s |  59  1649840  1609456 |  61  1675461  1618381
    10500    140s |  34  1642090  1609456 |  60 134334711499  1305538
    11000    148s |  45  1657163  1609456 |  27   899436   758898
    11500    157s |  45  1653349  1609456 |  35  1370190  1309609
    12000    163s |  49  1652284  1609456 |  43  1542573  1456994
    12500    170s |  27  1633141  1609456 |  51  1517171  1456994
    13000    177s |  40  1647403  1609456 |  59  1518531  1453366
    13500    183s |  56  1654269  1609456 |  25  1649925  1599184
    14000    187s |  65  1659721  1609456 |  53  1409848  1333088
    14500    193s |  47  1648803  1609456 |  61  1526058  1465656
    15000    199s |  27  1628331  1609456 |  28  1498408  1464557
    15500    205s |  45  1646612  1609456 |  36  1510457  1464557
    16000    211s |  26  1625687  1609456 |  44  1086832  1012234
    16500    220s |  32  1639600  1609456 |  52  1415848  1333439
    17000    227s |  29  1633512  1609456 |  60  1420286  1333439
    17500    234s |  27  1626677  1609456 |  27  1588565  1518123
    18000    239s |  25  1619576  1609456 |  33  1647893  1608167
    18500    242s |  46  1642090  1609456 |  40  1651617  1608167
    19000    250s |  37  1647134  1609456 |  48  1426679  1354483
    19500    257s |  33  1633013  1609456 |  56  1579005  1506565
    20000    262s |  32  1631207  1609456 |  62  1689837  1615457
    20500    266s |  37  1633524  1609456 |  65  1660859  1608545
    21000    269s |  50  1638873  1609456 |  25  1621528  1606269
H   21500    272s |  33  1627225  1609194 |  64  1647362  1606269
    22000    277s |  34  1636466  1609194 |  63  1446063  1375715
    22500    284s |  61  1659841  1609194 |  30  1413620  1365627
    23000    290s |  53  1654092  1609194 |  38  1432477  1365627
    23500    296s |  63  1658165  1609194 |  46  1578334  1515351
    24000    302s |  27  1625747  1609194 |  54  1593578  1512704
    24500    306s |  44  1632442  1609194 |  54  1715925  1613280
    25000    314s |  36  1642952  1609194 |  62  1448371  1379702
    25500    320s |  35  1638383  1609194 |  29  1590223  1533674
    26000    326s |  60  1652951  1609194 |  37  1566129  1522183
    26500    331s |  27  1622749  1609194 |  45  1694858  1615226
    27000    335s |  26  1622118  1609194 |  49  1637001  1607372
H   27500    338s |  46  1636611  1609134 |  49  1643924  1607372
H   28000    344s |  41  1640977  1608888 |  50  1296749  1252994
    28500    352s |  53  1651618  1608888 |  57  1654141  1559441
    29000    357s |  49  1649404  1608888 |  64  1624032  1558256
    29500    362s |  34  1629962  1608888 |  28  1215400  1164973
    30000    370s |  26  1622753  1608888 |  36  1658195  1575197
    30500    375s |  60  1647926  1608888 |  44  1736117  1618070
    31000    379s |  49  1637375  1608888 |  39  1646196  1612118
    31500    384s |  29  1620585  1608888 |  40  1641482  1608018
    32000    389s |  32  1631778  1608888 |  42  1340653  1285185
    32500    398s |  28  1628756  1608888 |  50  1348819  1281724
    33000    405s |  28  1627591  1608888 |  58  1527497  1453942
    33500    411s |  25  1622149  1608888 |  65  1674526  1607435
    34000    415s |  36  1638846  1608888 |  30  1639312  1599098
    34500    420s |  46  1640301  1608888 |  33  1718727  1611590
    35000    427s |  64  1657370  1608888 |  38  1505853  1461215
    35500    433s |  35  1635689  1608888 |  46  1514771  1461215
    36000    439s |  36  1636968  1608888 |  54  1524318  1455267
    36500    445s |  36  1638210  1608888 |  62  1532819  1454921
    37000    451s |  41  1644821  1608888 |  29  1495131  1447558
    37500    458s |  50  1654061  1608888 |  37  1492852  1441860
    38000    464s |  49  1646733  1608888 |  43  1667370  1601984
    38500    468s |  63  1647456  1608888 |  46  1673474  1611673
    39000    476s |  41  1641535  1608888 |  54  1568337  1487657
    39500    482s |  32  1632888  1608888 |  61  1556769  1483543
    40000    488s |  65  1659058  1608888 |  28  1530690  1478596
    40500    492s |  48  1638659  1608888 |  35  1639239  1605078
    41000    496s |  52  1647219  1608888 |  41  1634733  1604297
    41500    500s |  31  1627877  1608888 |  47  1648573  1604297
    42000    504s |  31  1626860  1608888 |  53  1641061  1604297
    42500    507s |  41  1641515  1608888 |  41  1468543  1251818

Search terminated in 507.45s after 42515 iterations.
Best-found solution has cost 1608888.

Solution results
================
    # routes: 1
   # clients: 30
   objective: 1608888
    distance: 137
    duration: 137
# iterations: 42515
    run-time: 507.45 seconds

Total WP Routes Temperr [°C]:
23.41528
Total All Routes Temperr [°C]:
208.72215
