*** Read File ***
*** Insert Masks ***
*** Point Selection ***
*** VRP Solver (Node number estimation - 60 [s]) ***
Maximum path length [km]:
[43.2]
PyVRP v0.10.1

Solving an instance with:
    2 depots
    309 clients
    1 vehicle (1 vehicle type)

                  |       Feasible        |      Infeasible
    Iters    Time |   #      Avg     Best |   #      Avg     Best
H     500     38s |   5   138193   135524 |  33 247272845319    93906
     1000     52s |  31   138615   135524 |  41   114625   108984

Search terminated in 60.02s after 1333 iterations.
Best-found solution has cost 135524.

Solution results
================
    # routes: 1
   # clients: 24
   objective: 135524
    distance: 144
    duration: 144
# iterations: 1333
    run-time: 60.02 seconds

*** VRP Solver (Final routes) ***
Maximum path length [km]:
[41.76]
PyVRP v0.10.1

Solving an instance with:
    2 depots
    309 clients
    1 vehicle (1 vehicle type)

                  |       Feasible        |      Infeasible
    Iters    Time |   #      Avg     Best |   #      Avg     Best
H     500     36s |   6   139379   137230 |  33 247272845305    94927
H    1000     52s |  58   140288   136524 |  41   117641   109519
     1500     67s |  50   140102   136524 |  49   115987   109519
     2000     80s |  39   139493   136524 |  57   113877   109055
     2500     94s |  34   138695   136524 |  65    91065    82314
     3000    106s |  58   140287   136524 |  32   114300   108461
     3500    119s |  59   139130   136524 |  40   118191   108325
H    4000    132s |  48   139301   136459 |  48   113374   108325
     4500    144s |  64   140193   136459 |  56   112717   108325
     5000    154s |  63   139694   136459 |  64   113055   107918
     5500    165s |  49   139365   136459 |  31   110574   107918
     6000    176s |  33   138161   136459 |  39    90206    84896
     6500    189s |  57   139866   136459 |  47   113062   108961
     7000    202s |  52   139678   136459 |  55   113543   108961
     7500    213s |  36   138692   136459 |  63   113909   108484
H    8000    225s |  59   139983   136445 |  30   111670   108484
H    8500    240s |  25   137321   136239 |  38    96108    92895
H    9000    253s |  62   139289   135790 |  46    87959    84268
     9500    270s |  45   139401   135790 |  54    81696    77867
    10000    285s |  44   138973   135790 |  62   115020   109128
    10500    297s |  26   137545   135790 |  29   112473   109121
    11000    309s |  60   140102   135790 |  37   112329   108856
    11500    320s |  56   139491   135790 |  45   113436   108856
    12000    332s |  35   138911   135790 |  53   113921   108776
    12500    349s |  62   139863   135790 |  61   114125   108756
    13000    362s |  55   140043   135790 |  28   110493   107862
    13500    376s |  30   138243   135790 |  36   114780   109146
    14000    389s |  62   139848   135790 |  44   113674   109146
    14500    403s |  45   139583   135790 |  52   114017   109035
    15000    416s |  63   139843   135790 |  60   114442   109035
    15500    431s |  38   138473   135790 |  27    87562    85495
    16000    445s |  46   139128   135790 |  35   116342   109695
    16500    456s |  39   138959   135790 |  43   116302   109307
    17000    467s |  64   139932   135790 |  51   116086   109150
    17500    477s |  59   139726   135790 |  59   115836   108801
    18000    491s |  37   138589   135790 |  26   113819   108801
    18500    507s |  26   137377   135790 |  34   114150   108801
    19000    522s |  34   138223   135790 |  42   113389   108801
    19500    537s |  42   139076   135790 |  50   115270   109249
    20000    546s |  61   139357   135790 |  58   127425   120818
    20500    554s |  58   139823   135790 |  25   125273   120545
    21000    562s |  52   139422   135790 |  33   127175   120202
    21500    573s |  35   138136   135790 |  41   127112   120202
    22000    582s |  44   138133   135790 |  41   140260   135458
H   22500    592s |  62   139383   135641 |  42   114395   108923
    23000    603s |  36   138636   135641 |  50   113472   108470
    23500    613s |  40   138636   135641 |  58   112815   108048
    24000    624s |  39   138417   135641 |  25   111111   108048
    24500    634s |  29   137356   135641 |  33   111643   108048
    25000    648s |  32   137972   135641 |  41   115437   108755
    25500    661s |  62   139312   135641 |  49   113442   108548
    26000    672s |  54   139338   135641 |  57   114672   108548
    26500    684s |  40   138463   135641 |  65   113924   108330
    27000    694s |  43   138826   135641 |  32   112772   107868
    27500    705s |  44   138644   135641 |  40    96026    93508
    28000    718s |  34   138093   135641 |  48    88147    84411
    28500    732s |  63   139753   135641 |  56   116174   108754
    29000    745s |  48   138933   135641 |  64   114516   108754
    29500    758s |  54   139535   135641 |  31   114411   108269
    30000    770s |  40   138795   135641 |  39   113510   108245
    30500    780s |  28   137132   135641 |  47   113308   107880
    31000    793s |  43   138974   135641 |  55   113603   107880
    31500    808s |  33   137689   135641 |  63   113373   107880
    32000    821s |  37   138203   135641 |  30   111734   107880
    32500    834s |  47   139098   135641 |  38   114212   109163
    33000    845s |  41   138924   135641 |  46    82192    76266
    33500    856s |  27   137223   135641 |  54   114116   108009
    34000    869s |  62   139990   135641 |  62   113558   107607
    34500    884s |  31   137208   135641 |  29    87544    86222
    35000    896s |  28   137264   135641 |  37   113139   108681
    35500    907s |  56   139285   135641 |  45   113500   108681
    36000    918s |  56   139575   135641 |  53   114978   109271
    36500    929s |  55   139495   135641 |  61   115719   109262
    37000    943s |  39   138284   135641 |  28   113834   109059

Search terminated in 945.32s after 37059 iterations.
Best-found solution has cost 135641.

Solution results
================
    # routes: 1
   # clients: 23
   objective: 135641
    distance: 139
    duration: 139
# iterations: 37059
    run-time: 945.32 seconds

Total WP Routes Temperr [°C]:
16.36449
Total All Routes Temperr [°C]:
145.73769
