*** Read File ***
*** Insert Masks ***
*** Point Selection ***
*** VRP Solver (Node number estimation - 60 [s]) ***
Maximum path length [km]:
[43.2]
PyVRP v0.10.1

Solving an instance with:
    2 depots
    305 clients
    1 vehicle (1 vehicle type)

                  |       Feasible        |      Infeasible
    Iters    Time |   #      Avg     Best |   #      Avg     Best
      500     39s |   0        -        - |  33 174545555925    82747
H    1000     54s |  54   137547   133425 |  41   129703   120388

Search terminated in 60.00s after 1251 iterations.
Best-found solution has cost 133425.

Solution results
================
    # routes: 1
   # clients: 27
   objective: 133425
    distance: 144
    duration: 144
# iterations: 1251
    run-time: 60.00 seconds

*** VRP Solver (Final routes) ***
Maximum path length [km]:
[41.58]
PyVRP v0.10.1

Solving an instance with:
    2 depots
    305 clients
    1 vehicle (1 vehicle type)

                  |       Feasible        |      Infeasible
    Iters    Time |   #      Avg     Best |   #      Avg     Best
H     500     40s |   1   136319   136319 |  33 174545555628    81431
H    1000     59s |  43   138247   134974 |  41   112749   102885
     1500     76s |  49   138393   134974 |  49   110887   102591
     2000     92s |  37   137903   134974 |  57   131664   120880
     2500    104s |  25   136134   134974 |  65   131005   120030
     3000    115s |  51   138078   134974 |  32   131853   120030
     3500    135s |  60   138295   134974 |  40   111067   102026
     4000    153s |  37   137294   134974 |  48   109724   101414
     4500    172s |  49   137994   134974 |  56   109593   101414
H    5000    185s |  65   138153   134102 |  64   132444   121070
H    5500    197s |  34   136633   133288 |  31   134041   120853
     6000    209s |  52   137511   133288 |  39   133749   120853
     6500    220s |  34   136866   133288 |  47   129753   120853
     7000    229s |  45   137319   133288 |  55   130008   120853
     7500    241s |  49   137766   133288 |  63   129342   120790
     8000    252s |  26   135385   133288 |  30   146488   133790
     8500    257s |  53   137103   133288 |  37   136754   133172
     9000    271s |  34   136508   133288 |  44   108056   101671
     9500    287s |  64   138192   133288 |  52   107660   101547
    10000    305s |  48   137577   133288 |  60   107306   101547
    10500    321s |  43   137214   133288 |  27   106518   101547
    11000    343s |  26   135376   133288 |  35   107495   101905
    11500    361s |  57   137937   133288 |  43   107075   101905
    12000    380s |  36   136291   133288 |  51    89668    86161
    12500    396s |  32   135982   133288 |  59   128766   121021
    13000    407s |  64   137913   133288 |  26   127388   120814
H   13500    418s |  42   136674   133199 |  34   140119   133729
H   14000    424s |  35   136375   133083 |  41   137179   132330
    14500    430s |  30   135371   133083 |  43   136405   132330
    15000    436s |  56   136467   133083 |  47   136765   132330
H   15500    442s |  38   135524   133061 |  52   136097   132034
    16000    455s |  27   134643   133061 |  59   107299   103034
    16500    471s |  54   137167   133061 |  26   104431   102640
    17000    488s |  47   137029   133061 |  34   106030   102640
    17500    505s |  32   135645   133061 |  42   106567   101377
    18000    523s |  43   136606   133061 |  50   105800   101377
    18500    541s |  35   135896   133061 |  58   107677   101377
    19000    554s |  37   135900   133061 |  25   122987   119051
    19500    564s |  58   137393   133061 |  33   124402   119051
    20000    576s |  61   137526   133061 |  41   143729   135892
    20500    582s |  52   136609   133061 |  47   138238   132859
    21000    589s |  26   134373   133061 |  53   137659   132859
    21500    594s |  54   136610   133061 |  61   137230   132768
H   22000    608s |  50   137046   132646 |  62   108199   103635
    22500    625s |  62   137601   132646 |  29   107231   103163
    23000    643s |  51   137359   132646 |  37    54766    48190
    23500    664s |  63   137662   132646 |  45   108082   102453
    24000    683s |  40   136083   132646 |  53   107695   102453
    24500    702s |  28   134803   132646 |  61   108021   102078
    25000    720s |  51   137017   132646 |  28   106734   102078
    25500    736s |  62   137878   132646 |  36   106878   100965
    26000    755s |  31   135198   132646 |  44   107725   100965
    26500    772s |  46   136825   132646 |  52   106804   100965
H   27000    791s |  64   137989   132490 |  60   107102   100965
    27500    808s |  49   137204   132490 |  27   105144   100965
    28000    825s |  39   136383   132490 |  35   105432   100965
    28500    842s |  63   137705   132490 |  43   106734   100730
    29000    855s |  33   135759   132490 |  51    69734    59293
    29500    874s |  31   135570   132490 |  59   108160   102382
    30000    895s |  41   136430   132490 |  26    89896    85719
    30500    914s |  60   137022   132490 |  34    87978    85719
    31000    931s |  26   134568   132490 |  42   107875   102215
    31500    948s |  37   136047   132490 |  50   107553   102215
    32000    968s |  52   137486   132490 |  58   108168   102215
    32500    986s |  36   135994   132490 |  25   106222   101346
    33000   1004s |  30   135409   132490 |  33   107384   101346
    33500   1021s |  62   137949   132490 |  41   107622   101346
    34000   1038s |  57   138140   132490 |  49   107039   101346
    34500   1055s |  35   136101   132490 |  57   107963   101346
    35000   1069s |  56   137346   132490 |  65   130612   122280
    35500   1081s |  37   135727   132490 |  32   130198   120353
    36000   1091s |  51   137039   132490 |  40   128678   120353
    36500   1100s |  41   136571   132490 |  48   129543   120353
    37000   1110s |  55   136749   132490 |  56   138922   132446
    37500   1115s |  54   136935   132490 |  63   137891   131934
    38000   1123s |  43   136012   132490 |  29    80244    73006
    38500   1141s |  49   136857   132490 |  37   106885   102067
    39000   1159s |  53   137355   132490 |  45   109790   102544
    39500   1175s |  64   138193   132490 |  53   109323   102544
    40000   1191s |  54   137686   132490 |  61   108577   102006
    40500   1207s |  35   136137   132490 |  28   107712   102006
    41000   1225s |  55   137164   132490 |  36   108407   102006
    41500   1237s |  30   135230   132490 |  44   128000   119943

Search terminated in 1241.91s after 41820 iterations.
Best-found solution has cost 132490.

Solution results
================
    # routes: 1
   # clients: 29
   objective: 132490
    distance: 138
    duration: 138
# iterations: 41820
    run-time: 1241.91 seconds

Total WP Routes Temperr [°C]:
21.159416
Total All Routes Temperr [°C]:
167.56224
