#FRESNEL OPTIMAL PLANNING - GENERATION DATA 
#TIMESTAMP: 2026-05-26 16:57:41.773425 [UTC]
#AUV_NUMBER: 2
#SPEED: 1  [m/s]
#WP_WAITING_TIME: 1  [m]
#ROUTES SPECS:  waypoints(lat, lon, depth) - length_2d(same depth length) - travel_duration(no wp waiting time) - mission_duration(travel_duration + wp waiting time) -  minimum_depth(min depth along the route)
#length_2D: 36.769 [km] travel_duration: 10 [h] 12 [m] mission_duration: 10 [h] 37 [m] minimum_depth: 82.07468 [m]
 39.57266, -9.292792, 110.0299; 39.562107, -9.274079, 99.45663; 39.57266, -9.274079, 103.45829; 39.57002, -9.260714, 97.03685; 39.577934, -9.247347, 94.87583; 39.567383, -9.242001, 87.315765; 39.559467, -9.255366, 90.41921; 39.548916, -9.252693, 83.14724; 39.55155, -9.274079, 94.37529; 39.533085, -9.276752, 82.07468; 39.53836, -9.287446, 90.13434; 39.548916, -9.287446, 97.53005; 39.564743, -9.303485, 110.81001; 39.55419, -9.314178, 110.003845; 39.546276, -9.300812, 100.64395; 39.535725, -9.308832, 96.63105; 39.54364, -9.319525, 105.14647; 39.535725, -9.330218, 104.05605; 39.548916, -9.330218, 111.61844; 39.559467, -9.324871, 117.5721; 39.57266, -9.330218, 133.06796; 39.58321, -9.330218, 147.87352; 39.5964, -9.322198, 209.60025; 39.5964, -9.308832, 172.3962; 39.58849, -9.298139, 131.84465; 39.577934, -9.303485, 115.60989; 39.573627, -9.294755, 110.0299; 
#length_2D: 38.067 [km] travel_duration: 10 [h] 34 [m] mission_duration: 10 [h] 58 [m] minimum_depth: 109.29385 [m]
 39.5753, -9.292792, 110.99918; 39.58849, -9.268733, 112.54907; 39.59904, -9.263387, 121.00683; 39.604317, -9.252693, 116.2494; 39.612232, -9.242001, 122.1156; 39.622784, -9.244674, 176.07553; 39.6307, -9.236654, 200.1455; 39.638615, -9.244674, 253.7664; 39.64389, -9.231307, 249.19928; 39.638615, -9.217941, 197.94125; 39.6307, -9.209921, 165.97498; 39.62806, -9.196555, 151.7635; 39.65444, -9.185862, 192.87233; 39.65444, -9.199228, 224.78908; 39.64389, -9.204575, 204.68958; 39.649166, -9.217941, 249.24768; 39.65708, -9.225961, 305.48068; 39.659718, -9.239327, 339.26123; 39.649166, -9.244674, 300.57117; 39.651806, -9.258039, 319.88486; 39.662357, -9.258039, 348.0806; 39.649166, -9.276752, 320.56378; 39.617508, -9.282099, 204.61812; 39.606956, -9.282099, 153.00247; 39.5964, -9.276752, 128.31947; 39.57685, -9.291612, 110.99918; 
