#FRESNEL OPTIMAL PLANNING - GENERATION DATA 
#TIMESTAMP: 2026-05-24 13:58:43.894628 [UTC]
#AUV_NUMBER: 2
#SPEED: 1  [m/s]
#WP_WAITING_TIME: 1  [m]
#ROUTES SPECS:  waypoints(lat, lon, depth) - length_2d(same depth length) - travel_duration(no wp waiting time) - mission_duration(travel_duration + wp waiting time) -  minimum_depth(min depth along the route)
#length_2D: 37.093 [km] travel_duration: 10 [h] 18 [m] mission_duration: 10 [h] 42 [m] minimum_depth: 106.25201 [m]
 39.57266, -9.292792, 110.0299; 39.567383, -9.287446, 106.25201; 39.567383, -9.300812, 110.85033; 39.5753, -9.311505, 120.553406; 39.57266, -9.324871, 129.08961; 39.58321, -9.354278, 183.175; 39.57266, -9.354278, 158.66121; 39.562107, -9.359624, 144.30144; 39.57002, -9.367643, 188.12738; 39.559467, -9.37299, 178.60858; 39.57002, -9.38101, 239.13902; 39.5753, -9.391703, 323.84723; 39.562107, -9.397049, 314.9088; 39.57002, -9.405069, 431.26596; 39.58321, -9.402396, 477.93973; 39.593765, -9.397049, 510.082; 39.60168, -9.405069, 626.50977; 39.609592, -9.397049, 645.167; 39.612232, -9.410416, 694.9873; 39.622784, -9.4077425, 652.6796; 39.62806, -9.397049, 641.82245; 39.620148, -9.383683, 610.4315; 39.609592, -9.378337, 558.38556; 39.591125, -9.322198, 181.4083; 39.580574, -9.295465, 113.84578; 39.5744, -9.293381, 110.0299; 
#length_2D: 38.961 [km] travel_duration: 10 [h] 49 [m] mission_duration: 11 [h] 11 [m] minimum_depth: 110.99918 [m]
 39.5753, -9.292792, 110.99918; 39.609592, -9.324871, 292.04407; 39.61487, -9.335565, 356.3693; 39.62806, -9.335565, 386.06754; 39.638615, -9.343584, 441.77786; 39.62806, -9.34893, 451.9141; 39.64389, -9.36497, 485.6918; 39.65708, -9.359624, 323.106; 39.662357, -9.34893, 244.85486; 39.67291, -9.346257, 192.0499; 39.6861, -9.354278, 168.17181; 39.70193, -9.319525, 137.16707; 39.709846, -9.311505, 134.28679; 39.69929, -9.306158, 137.65623; 39.68874, -9.316852, 151.25851; 39.664997, -9.316852, 211.35274; 39.659718, -9.306158, 250.86972; 39.649166, -9.308832, 302.32928; 39.638615, -9.303485, 349.18256; 39.63334, -9.292792, 315.48074; 39.625423, -9.300812, 280.1656; 39.606956, -9.292792, 172.27812; 39.5964, -9.295465, 150.16873; 39.57709, -9.293019, 110.99918; 
